0.09948529
0.01259854
0.39906
0.2955902
0.1092706
0.05857074
0.05856549
0.1822808
0.053016
0.04187167
0.1689987
0.1294805
0.289099
0.2556078
0.02644671
0.00508492
0.6936385
0.4672797
0.5180831
0.08547045
0.06687863
0.1761697
0.2031868
0.03765165
0.007067247
0.1403171
0.08025725
0.07077088
0.1094896
0.1813065
0.4051604
0.1997631
0.304328
0.00866974
0.04010815
0.2762398
0.03561075
0.04402471
0.1258127
0.05646919
0.1132923
0.03617797
0.05274009
0.1027179
0.1971321
0.5197341
0.03222058
0.4759641
0.3576887
0.2235888
0.1316492
0.09143349
0.1776853
0.2190389
0.2210617
0.04940909
0.1844023
0.1070564
0.05126999
0.1383269
0.0308616
0.02089483
0.6791202
0.0926435
0.2032814
0.0711151
0.1419854
0.01568564
0.307857
0.3098816
0.09111891
0.3462471
0.2985219
0.1435133
0.06707451
0.3474735
0.7196284
0.226505
0.1949703
0.1860811
0.8370661
0.2106162
0.01054569
0.01414899
0.07747704
0.1659525
0.1762634
0.008559422
0.4122576
0.05199038
0.3162338
0.04745103
0.3093055
0.02689363
0.06250482
0.03582088
0.2327508
0.0703975
0.1417069
0.3229995
0.1403372
0.3561971
0.1883156
0.5922807
0.1265177
0.7591301
0.3408996
0.1667816
0.09762514
0.02893117
0.2850529
0.2657377
0.1315452
0.04380929
0.5959344
0.1253026
0.1040445
0.09557025
0.1830579
0.191628
0.06156279
0.2227158
0.4738747
0.06080365
0.1284864
0.2399201
0.337877
0.04926865
0.04236319
0.3556467
0.2575009
0.03646948
0.03950837
0.03154326
0.0818498
0.2947667
0.08799979
0.01570842
0.123874
0.3842608
0.358889
0.1731194
0.1743368
0.3465556
0.5107443
0.6408148
0.1278286
0.4325538
0.316929
0.01637198
0.09201008
0.2074722
0.08631928
0.0226818
0.3080829
0.0495611
0.1220243
0.06910673
0.2494207
0.306784
0.4393137
0.01651664
0.1824187
0.1913951
0.2484095
0.3739695
0.4631977
0.1830282
0.0507002
0.3052711
0.03188132
0.02701067
0.0654488
0.1385186
0.07517963
0.1763509
0.3701623
0.08421792
0.03164189
1.870854
0.290716
0.6610657
0.06781272
0.1838992
0.1243104
0.06899252
0.2664819
0.03468634
0.1940041
0.1999575
0.1450408
0.074034
0.07481357
0.4319618
0.6552959
0.1255807
0.02263968
0.3971182
0.01240617
0.310355
0.02172662
0.2890117
0.01091245
0.4441297
0.2317615
0.216166
0.1417488
0.8030131
0.7173261
0.05694464
0.05402011
0.393383
0.1212614
0.4814259
0.1830495
0.60685
0.001685919
0.1555011
0.1014209
0.4594629
0.177603
0.3851672
0.1640501
0.02750183
0.6105775
0.315735
0.2477883
0.6993043
0.05228418
0.859035
0.4588998
0.1714125
0.02718537
0.2650317
0.1468804
0.4030556
0.005065428
0.001383344
0.02125798
0.1402967
0.2323275
0.02605587
0.09764377
0.1055979
0.07063446
0.3515316
1.603399
0.1450398
0.6349345
0.06491128
0.02250623
0.07915413
0.1286127
0.4241693
0.1779546
0.06831068
0.1932595
0.01617786
0.1577537
0.2741368
0.1722428
0.3290792
0.1225591
0.6271823
0.09023764
0.07372753
0.4160903
0.1657746
0.05796072
0.08906583
0.2569395
0.0480613
0.1379104
0.133315
0.03013425
0.4398068
0.1368962
0.02256125
0.05931151
0.1166708
0.2116301
0.2816336
0.3303744
0.384832
0.04205518
0.03748194
0.03264803
0.7666351
0.05801861
0.1152384
0.4453251
0.1235885
0.7726031
0.0005033606
0.05741898
0.05784809
0.2643732
0.3421203
0.05778014
0.1442978
0.002941454
0.02481089
0.02070126
0.04004378
0.192384
0.02026655
0.007262602
1.018504
0.171986
0.1673656
0.1851255
0.4751756
0.461287
0.04612401
0.1092476
0.005408495
0.466167
0.0232106
0.1357034
0.1524277
0.03226297
0.2667768
0.08998746
0.48354
0.01536952
0.1579185
0.05028233
0.1678757
0.00653099
0.3980497
0.02504892
0.06023739
0.4520263
0.6539426
0.1896996
0.07186514
0.175362
0.1000957
0.05235958
0.24325
0.06050966
0.1501349
0.003942605
0.4589195
0.2068072
0.1892695
0.2237397
0.04478534
0.1653313
0.041391
1.442031
0.04686607
0.855249
0.08142564
0.2086255
0.4201758
0.5705536
0.01918704
0.2574717
0.2450645
0.03628507
0.89212
0.04455607
0.0188324
4.433576e-05
0.9239971
0.1557688
0.2996549
0.06855049
0.03621201
0.08197055
0.4334723
0.04083626
0.5241948
0.225545
0.5547062
0.006156989
0.1242412
0.09682073
0.2256484
0.2060707
0.07694372
0.03507793
0.4471771
0.2801538
0.181684
0.3594051
0.1967792
0.197845
0.3259117
0.1179011
0.5297291
0.03511213
0.1452256
0.1377599
0.01341473
0.1958828
0.3339568
0.3873106
0.2014799
0.08617621
0.1993083
0.01754067
0.3255051
0.09795391
0.4621937
0.1454047
0.07742771
0.6890165
0.3116101
0.01277645
0.1066411
0.138668
0.8653663
0.08664471
0.7961465
0.6035253
0.4854109
0.5720464
0.02312985
0.2276181
0.1294517
0.01152469
0.3329607
0.4092132
0.0654464
0.2500734
0.1330026
0.1542879
0.5787571
0.2296243
0.3593975
0.1952774
0.06270548
0.6668164
0.3103041
0.1203233
0.1333171
0.04410978
0.07955296
1.492724
1.021719
0.3687338
0.003578971
0.8970714
0.03027907
0.3781825
0.600905
0.09462113
0.09073181
0.3559006
0.05477912
0.1513891
0.247235
0.3518132
0.06707834
0.03559224
0.03250988
0.03540568
0.5893341
0.09098125
0.587786
0.1767924
0.04600098
0.6138597
0.2103177
0.2061477
0.02634106
0.6239118
0.05326679
0.2196194
0.179171
0.3557273
0.1841289
0.140326
0.231441
0.3135886
0.8363668
0.9455599
0.2259883
0.07602183
0.1564733
0.5097872
0.1342393
0.4062249
0.1756224
0.1559313
0.03271512
0.3583954
0.01018582
0.3681923
0.0009635411
0.2673275
0.4776817
0.08563154
0.4853576
0.5256158
0.0442028
0.1794154
0.2347257
0.0496203
0.3025875
0.04153126
0.05569717
0.3747895
0.02969436
0.1933481
0.3991858
0.02950615
0.09244235
0.04731758
1.598156
0.007845111
0.5309172
0.06378086
0.2414667
0.197541
0.0250592
0.2148717
0.07049231
0.2139799
0.314029
0.1401463
0.4092305
0.448244
0.1373793
0.4232879
0.08121645
0.004462283
0.1563504
0.1943817
0.04453313
0.2973628
0.2130725
0.07304996
0.02540599
0.1246399
0.2090645
0.01477859
0.2067056
0.1732025
0.7157216
0.04674
0.04423563
0.4672504
0.1182952
0.4973462
2.057303e-06
0.2096889
0.1979117
0.3848014
0.06735318
0.8570227
0.1866097
0.3335352
0.7283609
0.5940231
0.2313097
0.2725056
0.07923369
0.09077342
0.2018781
0.006656328
0.2383273
0.1662489
0.2546904
0.2919951
0.4252097
0.08369447
0.5240447
0.3141372
0.09693203
0.1044198
0.6893887
0.3241064
0.1074695
0.01661073
0.2738779
0.01110732
0.6009146
0.1738738
0.13646
0.07147141
0.7036576
0.407677
0.2071355
0.346937
0.1284335
0.02249653
0.1368304
0.08915604
0.2829757
0.4102851
0.1426415
0.3418428
0.1957386
0.2408564
0.01858815
0.4999793
0.5926478
0.2936434
0.07496475
0.444189
0.1484068
0.121121
0.4225825
0.01033755
0.3594816
0.06008963
0.2246096
0.03832658
0.07254275
0.05760842
0.2081542
0.3219545
0.3748329
0.03882927
0.06988133
0.882028
0.4367387
0.2038231
0.2341841
0.4136655
0.01594399
0.3971949
0.1924515
0.775678
0.05075747
0.602772
0.1189812
0.1037284
0.3554487
0.03096616
0.4031544
0.15019
0.7474141
0.02590413
0.320136
0.407524
0.1395753
0.2290117
0.2720846
0.7735859
0.03571083
0.1544379
0.1359661
0.8771211
0.01673923
0.006487991
0.3310228
0.0551654
0.7001653
0.3479197
0.06523849
0.3016646
0.3213224
0.1892479
0.147759
0.4046508
0.1222087
0.00518799
0.598602
0.1802882
0.07126584
0.08710727
1.30171
0.4264599
0.3517641
0.5910908
0.3562599
0.03796006
0.3221002
0.1666002
0.1847833
0.2073087
0.2092582
0.6016314
0.01454851
0.04398272
0.1212916
0.09501933
0.3168445
0.09257023
0.1814547
0.2407356
0.2704563
0.9891962
0.230976
0.05100222
0.08688924
0.44659
0.349229
0.245588
0.5965898
0.05122116
0.1239947
0.1442421
0.2816518
0.04648194
0.2611815
0.1163409
0.1295727
0.120525
0.05364833
0.03078833
0.2020304
0.2719449
0.2044099
0.1625784
0.5525547
0.1293776
0.2027082
0.1665891
0.1699032
0.3133554
0.01262677
0.1600026
0.04626406
0.9080808
0.1529656
0.159011
0.207069
0.03655107
0.1875409
0.2288875
0.1698101
0.07725981
0.05791095
0.05049021
0.2767152
0.332203
0.05357556
0.1763438
0.6242822
0.09260859
0.1972232
0.4787716
0.03994148
0.8340853
0.3017766
0.1175328
0.2521227
0.07038657
0.995554
0.6931789
0.04507291
0.1302514
1.01912
0.03716141
0.01321843
0.346269
0.1974788
0.8581066
0.2253163
0.07062539
0.338847
0.3067976
0.06554219
0.01860341
0.0828573
0.1222184
0.1621582
0.2134648
0.2368
0.2543771
0.1135366
0.1785463
0.02014008
0.08231627
0.5155818
0.1029016
0.2521291
0.09926133
0.06340765
0.08403905
0.3290746
0.2101414
0.06869584
0.1877981
0.4374906
0.02775821
0.8522329
0.143282
0.2070169
0.3130372
0.2294418
0.1280463
0.1168826
0.2667207
1.073414
0.3570216
0.1672223
0.05841921
0.1246711
0.1575776
0.4847563
0.05543353
0.1417002
0.06810677
0.08767487
0.211229
0.2984304
0.2706022
0.2618414
0.8049307
0.9669938
0.1021582
0.1335079
0.08265834
0.1067162
0.0137387
0.05894897
0.004169333
0.04238927
0.3000076
0.01590008
0.007230144
0.2094695
0.3367174
0.1363351
0.801838
0.1415738
0.4685581
0.04939494
0.0858522
0.01602499
0.1244494
0.4863437
0.4270288
0.3219102
0.426684
0.08427516
0.1699492
0.1044448
0.005478598
0.1740846
0.1721508
0.2021454
0.08279353
0.2435191
0.09642746
0.04009659
0.1077009
0.2525124
0.1360442
0.3730237
0.05715394
0.6499374
0.4449363
0.537665
0.006023385
0.2351895
0.1434983
0.1192079
0.07361408
0.230713
0.07794725
0.1138587
0.07368917
0.8579048
0.03148752
0.4803429
0.1225669
0.009522991
0.8543919
0.2522332
0.224294
0.2465918
0.1573029
0.117594
0.1454637
0.08835433
0.06545955
0.1001013
0.417624
0.03189967
0.7135107
0.5499565
0.2293938
0.3075312
0.3533351
0.6739864
0.08024809
0.02518501
0.04027303
0.2741681
0.1307573
0.0147871
0.156136
0.1819796
0.2051433
0.2627639
0.0002619579
0.7337064
0.1234568
0.1445548
0.7131748
0.1642611
0.08861882
0.3755395
0.06370709
0.03350408
0.1247767
0.2525861
0.552133
0.1937442
0.08740055
0.01702378
0.7934526
0.04997176
0.005403216
0.1996257
0.285139
0.2918743
0.2472212
0.08623929
0.5330369
0.6160355
0.1382253
1.112731
0.09022745
0.10653
0.2193844
0.2087509
0.3556779
0.007066519
0.01777294
0.2184491
0.754298
0.1745559
0.2246399
0.4381297
0.396285
0.1288571
0.3346556
0.0700318
0.1822588
0.5589223
0.9360628
0.2492781
0.2789118
0.03599165
0.1587038
0.09423056
0.02407609
0.2271395
0.5050189
0.3431383
0.1176543
0.4418684
0.04593367
0.3319816
0.7232647
0.3232641
0.3656382
0.0893605
0.1127153
0.499818
0.128998
1.213692
0.1211892
0.3749175
0.03229583
0.3628209
0.09051694
0.02304733
0.1533173
0.5931865
0.1306155
0.4202785
0.16054
0.2816594
0.1768319
0.2947948
0.04199914
0.4100851
0.1478526
0.2677592
0.07181461
0.1899894
0.2573275
0.2889093
0.1229542
0.1963282
0.5975841
0.0867249
0.06105734
0.06162278
0.1233639
0.03808696
0.03206431
0.2257399
0.1973184
0.06255775
0.3123245
0.1663921
0.08834249
0.2015021
0.05831591
0.3469705
0.5159021
0.2087643
0.09351792
0.2196671
0.06559682
0.3350295
1.097374
0.1952674
0.03302033
0.0854366
0.2593078
0.06161795
0.01310484
0.04913505
0.527809
1.086722
0.02963633
0.182131
0.00131257
0.2460825
0.2313095
0.03425155
0.1010042
0.07193088
0.6249073
0.132867
0.02361391
0.1228885
0.6937234
0.4427028
0.1083473
0.1516487
0.1876285
0.1163787
0.2938389
0.5324047
0.1399199
0.1249073
0.09813692
0.1478062
0.06270777
0.2773372
0.6422188
0.8554752
0.3490189
0.08881926
0.1771689
0.05434318
0.3762729
0.01794297
0.03314619
0.07850817
0.2074413
0.304498
0.3915319
0.07307836
0.2230875
0.01361022
0.03652654
0.1765261
0.2147194
0.01197396
0.1060625
0.09585174
0.3429435
0.4731006
0.2414545
0.5989958
0.0168636
0.01128071
0.02337118
0.01193766
0.05964528
0.03663974
0.06535481
0.2938104
0.03068284
0.1216937
0.08741536
0.2313553
0.526825
0.06959535
0.2479491
0.1218889
0.1341552
0.05753442
0.2616627
0.002249241
0.05974953
0.03549317
0.2074559
0.01386946
0.06253275
0.1174961
0.0592247
0.1003409
0.4540011
0.6587922
0.9138555
0.4366599
0.07124026
0.02285264
1.229486
0.2090545
0.5383557
0.4165293
0.1242021
0.04535087
0.4076023
0.2471234
0.3325785
0.03687648
0.1282745
0.2093934
0.1346989
0.2451916
0.05389496
0.1362491
0.7286388
0.3753404
0.511909
0.009585508
0.4359558
0.1986397
0.1305766
0.4821477
0.07580313
0.3494301
0.1263065
0.4365025
0.1781594
0.1327645
0.03045912
0.5630809
0.1122688
0.2054905
0.0630387
0.7458771
0.2640714
0.9973768
0.07740969
0.1879533
0.6917545
0.003973781
0.006780319
0.2450546
0.1982728
0.2858404
0.5272341
0.05346593
0.02366847
0.5587596
0.006297271
0.07244568
0.04399684
0.00837536
0.3037949
0.1742095
1.245599
0.04334809
0.04671007
0.4099497
0.1283725
0.02028571
0.2075062
0.3933923
0.9522315
0.5079571
0.07519431
0.02060024
0.4061375
0.1679853
0.1174049
0.1156888
0.01386372
0.09119345
0.01047098
0.5893547
0.02035307
0.4763358
0.03068153
0.2330664
0.05807735
0.1901719
0.09699577
0.1937753
0.07319302
0.3367025
0.1598476
1.127583
0.7256432
1.079722
0.3429213
0.1140133
0.1199323
0.007752038
0.1101288
0.1145269
0.1072235
0.2452279
0.03763408
0.08156612
0.2656691
0.1099695
0.333645
0.6634702
0.05478777
0.01906864
0.296036
0.2453926
0.1187315
0.3654815
0.08004758
0.2275199
0.05663155
0.0132351
0.09599214
0.2186853
0.1194588
0.2647368
0.2284683
0.2683287
0.2008462
0.2898187
0.1899802
0.1582405
0.09486255
0.1735267
0.09932608
0.1994664
0.6121671
0.006736944
0.4475863
0.2495965
0.4153655
0.3095683
0.02949595
0.1206456
0.2863299
0.3186177
0.0512322
0.3948911
0.05007015
0.009852523
0.1706704
0.1108029
0.02020406
0.05169692
0.05809258
0.4781582
0.004005955
0.01748885
0.3197666
0.2747228
0.0933823
0.02739017
0.1513692
0.4784468
0.06981712
0.2283803
0.01665337
0.003106787
0.2246251
0.1724049
0.3488535
0.1948006
0.3405777
0.2402247
0.6380523
0.1202573
0.2095094
0.3963039
0.4341427
0.2564063
0.2319031
0.07477108
0.3458478
0.1941247
0.4296929
0.1087686
0.08538759
0.1889937
0.3802826
0.07666791
0.1450513
0.3158673
0.5503615
0.0245596
0.1888108
0.0481866
0.298094
0.2994699
0.3478417
0.5649963
0.1240985
0.03567072
0.459264
0.1986922
0.4937788
0.02832065
0.07131314
0.1557723
1.276101
0.1732297
0.08312331
0.231924
0.1333029
0.008046697
0.1677727
0.1062297
0.6380016
0.2421789
0.06458853
0.1724593
0.0143441
0.1982636
0.03035842
0.1103842
0.03460297
0.1586272
0.07610472
0.145849
0.09098427
0.02944966
0.770702
0.0281529
0.1452326
0.1079224
0.7640804
0.1803839
0.4647722
0.1296207
0.02973156
0.1876698
0.656349
0.3221325
0.4179102
0.2095411
0.407168
0.07909539
0.1831249
0.3070912
0.4779483
0.5182301
0.0007792617
0.1672563
0.0790159
0.3731422
0.1055547
0.06849036
0.008634429
0.6945277
0.05133577
0.01820258
0.08969615
0.5313366
0.8341965
0.07436357
0.01328912
0.1765512
0.3809337
0.6183327
0.02316213
0.1712258
0.7959538
0.3064324
0.2127362
0.4790141
0.7506236
0.0199618
0.4575062
0.1019699
0.2793946
0.08212942
0.06330143
0.5534564
0.4051988
0.2578019
0.1710234
0.1851708
0.834463
0.3189903
0.3285258
0.2809523
0.1711854
0.2012549
0.0924472
0.175683
0.3053428
0.03926502
0.2630911
0.4312492
0.07622257
1.136222
0.02166072
0.06094129
0.3248523
0.02216038
0.01614804
0.06882103
0.6806183
0.0278439
0.2080525
0.04716012
0.6227142
0.1172927
0.1685752
0.002661264
0.01813819
0.599584
0.2809262
0.1007333
0.07153806
0.451374
0.0290961
0.03040895
0.110735
0.05627896
0.2784219
0.2782297
0.06085616
0.3735903
0.0920679
0.05709562
0.06780476
0.3753408
0.1022072
0.09480604
0.768114
0.04060476
0.2536538
0.03581517
0.04097971
0.2296262
0.1163011
0.06240552
0.1501476
0.097088
0.2624865
0.1667431
0.1826753
0.1327617
0.07542048
0.1066738
0.2018149
0.2570072
0.2893765
0.2810878
0.1773936
0.2543001
0.1315112
0.02641137
0.08139741
0.01324582
1.252796
0.1407769
0.05599942
0.04746758
0.1665779
0.04721158
0.3596555
0.3028566
0.386046
0.02312
0.3464974
0.4656032
0.1007113
0.06837267
0.2949108
0.1298028
0.003562272
0.1295905
0.5748009
0.0599054
0.1085341
0.4118116
0.6411921
0.1417852
0.3342501
0.1119283
0.1061538
0.1415102
0.2476121
0.30509
0.1664018
0.0244614
0.03459645
0.6294931
0.05254203
0.8983166
0.2054803
0.009220528
0.04585824
0.2881911
0.08868448
0.1926338
0.1654163
0.2548344
0.4201264
0.5810833
0.05584508
0.04217097
0.2714534
0.111192
0.268617
0.06431976
0.3019535
0.04608865
0.01328355
0.1448375
0.6629435
0.1500321
0.2015399
0.09202951
0.344524
0.1106335
0.1443378
0.2230803
0.09333151
0.02998053
0.1023384
0.1197687
0.7094375
0.06581284
0.1000591
0.05118317
0.157678
0.1111619
0.1312361
0.02600716
0.2396562
0.01448675
0.4826413
0.1875786
0.02913744
0.2803567
0.06376936
0.1741837
0.2878411
0.3288609
0.04116404
0.5364113
0.4464457
0.3312679
0.331005
0.2375799
0.01802597
0.01419076
0.3327371
0.2349335
0.1224447
0.04500365
0.05961879
0.08793748
0.03748516
0.009607644
0.07578461
0.04833266
0.0001255065
0.1997918
0.2561743
0.1479929
0.2299525
0.06330111
0.7490131
0.2801303
0.07436433
0.08162595
0.05974211
0.08012385
0.7620119
0.02041778
0.1873448
0.3714413
0.08708118
0.1413777
0.1012328
0.06080946
0.2121531
0.6836774
0.331178
0.07557009
1.941862
0.3614418
0.1213587
0.1138631
0.3003592
0.4604252
0.003602713
0.6333773
0.3790635
0.3900981
0.0895738
0.3067059
0.1879201
0.2301975
0.1222255
0.0672919
0.1390563
0.1810159
0.8564749
0.01163441
0.1138108
0.02049649
0.8633861
0.06286405
0.01318492
0.1876753
0.2142085
0.03246308
0.4449963
0.486425
0.2146345
0.02617476
0.02313265
0.2349825
0.1219651
0.03962559
0.486203
0.07923401
0.5994999
0.297918
0.1104585
0.2030535
0.001692871
0.5381401
0.004523286
0.150221
0.3682638
0.4165457
0.3676685
0.3036122
0.122719
0.2647619
0.1719538
0.3139795
0.3850654
0.9035959
0.1690727
0.008305213
0.464967
0.8339688
0.04324203
0.3324326
0.544262
0.8381664
0.09996557
0.00699019
0.5558597
0.04048281
0.3821988
0.02385593
0.04251373
0.5757401
0.0001131804
0.03230839
0.2685711
0.1452094
0.1207182
0.04811484
0.1540996
0.2167905
0.2030861
0.2927927
0.2261494
0.08345475
0.4215613
0.108564
0.02989461
0.1076244
0.1399036
0.4679873
0.001338807
0.1534253
0.130292
0.1787336
0.03067137
0.04536134
0.02273066
0.3957885
0.2255759
0.1611387
1.125396
0.04325759
0.06031054
0.3897826
0.1846827
0.0794921
0.3437233
0.03711979
0.1611304
0.2515579
0.1369026
0.0766341
0.3975081
0.1504606
0.03165657
0.3124909
0.2479084
0.1694207
0.2700352
0.6391273
0.2334784
1.232834
0.06118285
0.03269685
0.1768456
0.09264774
0.006476374
0.155849
0.1234085
0.2021372
0.1812037
0.1561375
0.7316525
0.3231388
0.2128721
0.1404078
0.07842656
0.1413196
0.1424957
0.1388413
0.05108301
0.4593674
0.04303647
0.07304469
0.04138136
0.6427817
0.05466813
0.08224833
0.004698974
0.01260884
0.09868629
0.2717886
0.2249103
0.00961387
0.3807799
0.2112666
0.3414174
0.177554
0.3319289
0.1654802
0.1637412
0.01220718
0.001982242
0.4444294
0.05769058
0.02084347
0.1873242
0.5844501
0.2206315
0.3864485
0.1928398
0.3304762
0.03479063
0.1693195
0.1904589
0.1738965
0.1061356
0.2374727
0.116461
0.3366278
0.3891181
0.3621961
0.4074341
0.1845821
0.588115
0.1232745
0.1007082
0.1299478
0.9591948
0.8134954
0.03130436
0.04916175
0.1413673
0.7073373
0.4303825
0.2407324
0.6792004
0.7804483
0.4246507
0.3677178
0.1948894
0.1377393
0.08483932
0.2009205
0.4150024
0.253331
0.007975816
0.1644119
0.2398959
0.02740002
0.11836
0.04825789
0.03325609
0.03640984
0.07584304
0.1899393
0.7897197
0.009307695
0.03578611
0.02393615
0.05693031
0.04788823
0.2564609
0.1067268
0.1052504
0.3762587
0.6222482
0.04075657
0.07424715
0.2965329
0.04969158
0.1126612
0.3664053
0.002345833
0.7667289
0.04917316
0.4558862
0.3018957
0.2967139
0.3002726
0.08457612
0.1613377
0.1714959
0.2544651
0.04769884
0.2766565
0.01317968
0.02545689
0.06175156
0.1989011
0.04740829
0.3980773
0.4258467
0.1831755
0.1402019
0.05202352
0.1164347
0.1453661
0.2883602
0.2513153
0.1802065
0.5850752
0.339087
0.1688842
0.01724726
0.483897
0.1469388
0.08570916
0.2666539
0.251995
0.1889063
0.3527069
0.06317953
0.2279384
0.09021916
0.0243158
0.01090368
0.357059
0.1142594
0.4499012
0.01083313
0.1009861
0.1003059
0.1710936
0.362763
0.5580513
0.06564931
0.3328667
1.540388
0.02414647
0.006679209
0.02416704
0.1565655
0.0605298
0.07485925
0.02158577
0.1953166
0.1509421
0.1487953
0.05592932
0.1456975
0.1742626
0.07896347
0.006870415
0.1605284
0.6139298
0.1048842
0.1270897
0.01133609
0.1770508
0.1096009
0.4297187
0.01846226
0.0914766
0.09160467
0.02862383
0.6014347
0.2597738
0.4417413
0.3854902
0.4835857
0.1033244
0.3036939
0.1342453
0.3785839
0.1896461
0.1335884
0.09027046
0.1065495
0.5038234
0.3077283
0.3856492
0.3667219
0.3289672
0.0406456
0.4394494
0.161297
0.1664697
0.1171393
0.1527512
0.06251722
0.1228274
0.2137161
0.04811493
0.4092175
0.05081593
0.3332511
0.2289954
0.2724804
0.01096157
0.07775743
0.08858208
0.1029642
0.01004187
0.2733396
0.06504599
0.5366077
0.3708458
0.03168048
0.0785586
0.05997465
0.1242961
0.281041
0.1267825
0.007072534
0.212797
0.1078227
0.2689238
0.2003332
0.05837318
0.3657069
0.1029912
0.1783136
0.1432452
0.0680519
0.5575227
0.2908716
0.07820182
0.07553271
0.4946337
0.7018494
0.09141476
0.1331116
0.06129964
0.3017748
0.123821
0.7085636
0.4487408
0.3730852
0.5650029
0.1482286
0.1963771
0.3399094
0.2646728
0.4136205
0.1957893
0.3747986
0.1626395
0.02409637
0.08790593
0.4068549
0.1328845
0.01658763
0.01791773
0.2700072
0.06816308
0.4895051
0.9213808
0.3230145
0.04318952
0.01505896
0.8579319
0.2628971
0.07977911
0.4258843
0.4104165
0.2073356
0.2277915
0.5418273
0.1362371
0.01380995
0.5623152
0.03483097
0.009934028
0.4145023
0.3194946
0.283192
0.06994097
0.06127618
0.01988901
0.1279985
0.009849197
0.1501104
0.03910842
0.7529842
0.004395565
0.04409774
0.1037303
0.002518843
0.6538325
0.1728591
0.3955516
0.1494205
0.2852072
0.3186867
0.1281749
0.1050399
0.1871584
0.2501386
0.1888954
0.005983443
0.1729122
0.2366326
0.2984885
0.09046163
0.1884926
0.7376394
0.3618288
0.4825614
0.1818436
0.2351455
0.4224308
0.7258778
0.1713627
0.299397
0.1615431
0.03325911
0.0109659
0.3503817
0.06909625
0.1391066
0.2443744
0.1961719
0.153036
0.532661
0.02308141
0.1495405
0.09105466
0.1242245
0.09825179
0.3912878
0.5632909
1.640373
0.1371644
0.09933625
0.08717652
0.01228141
0.1315999
0.2735872
0.01363366
0.1643855
0.07060656
0.2071444
0.07180587
0.4390393
0.5021321
0.2411595
0.03969072
0.09662257
0.01523943
0.3532183
0.01297121
0.1379815
0.05930095
0.0170829
0.07879912
0.2185789
0.2624756
0.1468908
0.2102195
0.9665256
0.2437231
0.1371765
0.08373604
0.2224061
0.3996481
0.4282394
0.1895841
0.04423349
0.01406097
0.006111326
0.1808628
0.6010979
0.07283203
0.05528001
0.05771114
0.2230284
0.2615515
0.1777595
0.1479057
0.3586585
0.3681076
0.04748198
0.2011119
0.283568
0.4183618
0.01416721
0.3408597
0.160815
0.5128235
0.01409969
0.1440218
0.0479942
1.085113
0.6546504
0.1774666
0.1071579
0.1138179
0.06874345
1.033444
0.5866599
0.2168349
0.006362142
0.6535557
0.1592159
0.02426931
0.05762973
0.06600283
0.02811224
0.4431029
0.2680314
0.05198327
0.2595393
0.4861986
0.335505
0.4586721
0.1081166
0.01114747
0.1049106
0.5558391
0.1690632
0.05767019
0.05200958
0.2115298
0.2384581
0.386265
0.09119688
0.01302012
0.06472639
0.08786289
0.07818938
0.0206396
0.1523075
0.2468323
0.1158493
0.2598666
0.2960013
0.09930208
0.7359847
0.07743612
0.166566
0.1010477
0.005489579
0.05733394
1.133628
0.342395
0.06906841
0.01237679
0.09854741
0.655218
0.4560255
0.8776914
0.02571584
0.1129964
0.03867451
0.1714582
0.4747872
0.2625878
0.144405
0.2173258
0.2601766
0.1514101
0.598644
0.5089408
0.1661008
0.1159705
0.3961881
0.1241596
0.09060591
0.2353912
0.0289436
0.6253511
0.1112866
0.3348972
0.3524584
0.03902395
0.424201
0.04305631
0.01861272
0.1042143
0.2180007
0.02290773
0.9189244
0.01381866
0.6411885
0.1804329
0.2251084
0.07231291
0.004607632
0.04412902
0.06914421
0.840904
0.1179984
0.3788423
0.03711479
0.3042768
0.6876771
0.09635109
0.6226171
0.0549931
0.3181024
0.02493374
0.08509967
0.1982718
0.9236206
0.1144898
0.1658349
0.00957983
0.2623763
0.2721661
0.00403779
0.01979098
0.01256508
0.4719339
0.1001989
0.005000606
0.005159926
0.1385777
0.3254901
0.09006331
0.2049988
0.02682477
0.3091798
0.2703367
0.5766709
0.2332796
0.2169334
0.4318731
0.05155803
0.402034
0.3869829
0.001062884
0.2198693
0.3821332
0.2860775
0.1844279
0.05262957
0.07069237
0.09666501
0.355106
0.3882522
0.1453199
0.09974379
0.2434007
0.01576271
0.03310203
0.1555113
0.01356629
0.3901687
0.05072707
0.04762298
0.008185339
0.01778431
0.006964718
0.1275045
0.07810109
0.1237213
0.5732558
0.7169335
0.1751941
0.2426729
0.05719257
0.2426267
0.7809283
0.01524065
0.4342159
0.09366248
0.1328374
0.1310366
0.1121682
0.544019
0.06352411
0.1416918
1.405456
0.2923851
0.1835706
0.7214991
0.1060533
0.7709107
0.1200637
0.01639897
0.2754735
0.3876256
0.001124011
0.4896523
0.05743748
0.06114746
0.2841354
0.2245564
0.1519735
0.4289731
0.07163805
0.1390309
0.1185405
0.07597616
0.3245339
1.251672
0.01599274
0.1355466
0.7922248
0.163035
0.2130669
0.3178262
0.1164856
0.07703525
0.1068958
0.08266379
0.2861811
0.1499095
0.07462904
0.1332108
1.015294
0.1004531
0.2217835
0.6337309
0.3157507
0.2799562
0.06668804
0.01368132
0.09767379
0.153656
0.443862
0.438887
0.5046292
0.04661635
0.3019154
0.01625133
0.09794396
0.211011
0.2564106
0.1430575
0.2058161
1.030775
0.4363338
0.09635926
0.08402267
0.01580573
0.07265325
0.5363017
0.07616916
0.1222076
0.1389298
0.6963441
0.1524888
0.1509726
0.06967876
0.08826798
0.3763282
0.000788775
0.7936916
0.04606086
0.2617299
0.08177479
0.2062107
0.1888878
0.2136779
0.5094949
0.5822881
0.3385453
0.08160408
0.385183
0.001341129
0.08377404
0.1616196
0.06902255
0.2747071
0.5768364
0.1566647
0.1317406
0.204514
0.02848741
0.361341
0.9111815
0.07803821
0.1429682
0.09474449
0.8353297
0.05205788
0.212367
0.1190039
0.08872525
0.1910147
0.07112399
0.00853681
0.0191247
0.04055542
0.08352535
0.5729379
0.5295068
0.1093426
0.8276889
0.1231286
0.105976
0.8583117
0.007454172
0.1581772
0.039727
0.2796099
0.2617052
0.08708376
0.04528983
0.5608549
1.286715
0.06286886
0.5172878
0.4348267
0.08918118
0.02638042
0.06340549
0.04991732
0.05505316
0.02123923
0.2020615
0.01368086
0.4479649
0.0002204937
0.09422916
0.3731844
0.01299328
0.03553723
0.1111958
0.5227899
0.1646988
0.172806
0.4066224
0.07706062
0.5452111
0.1887169
0.499591
0.1587384
0.4908957
0.0436879
0.06329778
0.135435
0.3319037
0.2712715
0.3019885
0.4829386
0.03930072
0.1126044
0.1262462
0.2226371
0.1706715
0.5566251
0.1088018
0.6210979
0.226985
0.05314392
0.1024202
0.4670373
0.3137709
0.5436284
0.03899049
0.1319388
0.05089269
0.09847996
0.0776825
0.2951722
0.2391094
0.3949442
0.4615817
0.659095
0.3270012
0.1219236
0.06534128
0.1457209
0.0547171
0.2893138
0.6184857
0.08812884
0.3838624
0.02657197
0.0901684
0.3638032
0.3046477
0.2484909
0.1696121
0.2488667
0.1805561
0.4122823
0.2727765
0.1744093
0.2689311
0.007805943
0.4748998
0.08651076
0.009633691
0.001557712
0.1424623
0.3323457
0.1494027
0.156618
0.005739018
0.1126021
0.02222751
0.06528684
0.05294376
0.211692
0.02562307
0.4764722
0.2209395
0.6087328
0.07169019
0.2049436
0.1214322
0.07793235
0.07610839
0.1394152
0.1632263
0.05377066
0.2069416
0.09319038
0.04417221
0.3208426
0.4553447
0.2347972
0.1356246
0.08438637
0.331973
0.06902831
0.1384341
0.05211452
0.01564022
0.03393833
0.353193
0.02814905
0.1507079
0.07720097
0.1449111
0.09791588
0.5344404
0.8652064
0.09293251
0.0471798
0.2270732
0.03654291
0.06787371
0.104971
0.1989549
0.01106429
0.02265072
0.1352418
0.1390016
0.02826028
0.2766726
0.008778738
0.06494737
0.01756589
0.08441026
0.1632824
0.4233129
0.2819633
0.136407
0.7437141
0.5049764
0.6937838
0.2030353
0.07557027
0.05545583
0.1219558
0.1025699
0.2314466
0.06866826
0.1619194
0.2093557
0.03581723
0.424673
0.09353127
0.02198385
0.3033559
0.3161539
0.2417629
0.01251239
0.5020485
0.0669876
0.1102475
0.1577533
0.02374183
0.07541167
0.4112106
0.1828079
0.7002053
0.5376879
0.3307918
0.06878387
0.2815044
0.01602015
0.1407504
0.1946919
0.09242108
0.1259417
0.07787526
0.4812376
0.4628546
0.08677695
0.3647838
0.191736
0.1878627
0.0525339
0.2136098
0.06220482
0.01421532
0.03571152
0.3121106
0.07821702
0.5204799
0.105773
0.840807
0.5577584
0.1674083
0.1621334
0.4147908
0.2807979
0.1060883
0.06649228
0.08575309
0.2746567
0.1827054
0.331806
0.04370307
0.8070823
0.004737002
0.5422362
0.09596432
0.06331623
0.2149481
0.02545789
0.3096085
0.3125215
0.6016917
0.1892133
0.4679602
0.5760333
0.4347207
0.05924489
0.1347431
0.2516009
0.000885619
0.1959941
0.1383971
0.412723
0.06757192
0.0331793
0.5613642
0.06268387
0.1251917
0.09945775
0.3921902
0.1754412
0.08214348
0.01956201
0.07264521
0.8630925
0.04225856
0.1606243
0.004081849
0.1566526
0.1276886
0.209103
0.2642457
0.2449136
0.1654567
0.04039848
0.2517423
0.2708302
0.4656879
0.05871474
0.05483915
0.2046284
0.1612399
0.03894987
0.1603103
0.01827024
0.1838737
0.03215158
0.1701784
0.8259259
0.8372603
0.1114821
0.323004
0.2325077
0.05622042
0.1602539
0.822783
0.1389233
0.478638
0.9766514
0.669905
0.4419476
0.07878207
0.5093129
0.07887978
0.3192853
0.01129124
0.005185098
0.2523876
0.1058544
0.1033986
0.2080908
0.09423712
0.03403668
0.4791374
0.3206264
0.4445697
0.08108795
0.1593305
0.06789089
0.6654112
0.1812723
0.1105858
0.5344003
0.007667057
0.09035679
0.2283479
0.07076497
0.3733598
0.3472486
0.367215
0.2118017
0.3349951
0.1492481
0.04454571
0.6149463
0.04522313
0.1099017
0.07962908
0.3931972
0.05062808
0.1536752
0.01209887
0.565242
0.8224862
0.06791091
0.2531087
0.03207144
0.2455931
0.6013753
0.175591
0.0421886
0.1204028
0.02190339
0.2464612
0.09545423
0.06166153
0.1581077
0.2448318
1.50937
0.1343988
0.008788307
0.6107016
0.1123394
0.1138808
0.01961568
0.1495041
0.1216705
0.0107403
0.2643819
0.09715739
0.1256858
0.08189109
0.0931506
0.2677499
0.1716739
0.1020792
0.3086372
0.09060076
0.2882607
0.1395984
0.1830397
0.0643353
0.3220662
0.02505354
0.3303174
0.9208042
0.17954
0.8516072
0.4733305
0.4705329
0.006962123
0.1166237
0.06630812
0.1760183
0.3843782
0.0226508
0.001948271
0.5726456
0.1027054
0.16238
0.4557089
0.02778443
0.05003211
0.04256856
0.418393
0.4797743
0.3342973
0.1541214
0.3156724
0.1241827
0.3694265
0.113809
0.03498587
0.01644063
0.3844028
0.1847574
0.1498546
0.006103874
0.2716089
0.05365355
0.008260196
0.2427611
0.05499903
0.3255856
0.2763438
0.234602
0.536903
0.05753049
0.617111
0.2618168
0.2825306
0.1415397
0.1880174
0.04818993
0.1292391
0.03101286
0.3450707
0.4804799
0.2424468
0.1923159
0.1667807
0.4358061
0.208344
0.5247637
0.2032117
0.03342283
0.6485859
0.3681076
0.0718278
0.308899
0.219105
0.01413766
0.05880567
0.07930207
0.01928569
0.4183208
0.4878784
0.3900715
0.9465493
0.1790145
0.2314483
0.01556292
0.3019933
0.08832083
0.3197631
0.06966194
0.3621206
0.4801928
0.3038995
0.1754806
0.04239351
0.01387933
1.120452
0.226965
0.1741587
0.3653196
0.005371662
0.03072253
0.03664458
0.4669493
0.2507953
0.6904181
0.004306541
0.1122732
0.4068923
0.3125778
0.2472225
0.2123872
0.02721901
0.1421485
0.4490616
0.2663808
0.01270814
0.006816771
0.0971636
0.4060807
0.2525433
0.03497233
0.8330646
0.1798365
0.01549736
0.5005226
0.09032202
0.4887113
0.9443313
0.3708832
0.1134661
0.1335613
0.08990999
0.05945493
0.3262409
0.141957
0.3724854
0.1050787
0.07106532
0.007084901
0.1807693
0.03185322
0.2101441
0.008727831
0.05040536
0.01063094
0.2365171
0.1256468
0.1437776
0.0779844
0.4404667
0.06065227
0.8424294
0.715033
0.293182
0.1373466
0.3589671
0.01636508
0.04431709
0.1733394
0.1151795
0.2835136
0.5252195
0.2156117
0.250642
0.5194135
0.3898657
0.06643297
0.03106105
0.3816568
0.1865296
0.03758039
0.0005215689
0.6664202
1.111542
0.2620082
0.911634
0.07520997
0.009689829
0.3016407
0.4873334
0.16365
0.05339425
0.009654279
0.4168751
0.3649197
0.07933776
0.6095068
0.1691108
0.9085089
0.07835672
0.04917691
0.02846081
0.768136
0.0672619
0.1783016
0.09395966
0.3336054
0.1037698
0.8470214
0.08820831
0.04422392
0.05111315
0.0410953
0.01430605
0.2154014
0.07334667
1.151895
0.08633489
0.01138451
0.4311607
0.2294923
0.1246774
0.08604002
0.1315503
0.9344175
0.06453819
0.004987203
0.05765377
0.2765219
0.7386129
0.1108487
0.1463868
0.1211878
0.173247
0.02304185
0.05069622
0.2062445
0.5994954
0.12614
0.04756144
0.1231181
0.2062193
0.6191066
0.01523204
0.6087008
0.1141456
0.007818102
0.2072815
0.05048745
0.1359269
0.1399908
0.2633775
0.1263771
0.04372538
0.1446375
0.2323991
0.2348465
0.7520229
0.02131365
0.06154967
0.208965
0.05108928
0.04162044
0.2505356
0.209926
0.002746837
0.4285779
0.09280047
0.01058795
0.3038158
0.198809
0.09170702
0.1758644
1.286431
0.161315
0.2080078
0.2091613
0.2333758
0.07222732
0.03797936
0.09548926
0.2913122
0.05695715
0.1484462
0.1883097
0.2833146
0.02899922
0.33846
0.1726108
0.01285923
0.05777839
0.1275156
0.09979652
0.1633271
0.1619848
0.8050035
0.02444702
0.4657011
0.02868181
0.1425245
0.1553582
0.1278391
0.03109182
0.01614398
0.1867141
0.317784
0.2594232
0.5870002
0.06892018
0.03180502
0.2801632
0.2325638
0.0389345
0.07348476
0.3585466
0.08725276
0.174151
0.09022765
0.01036437
0.6629511
0.2375246
0.7538748
0.1429933
0.7043226
0.2168357
0.4373862
0.07702244
0.06271846
0.1605641
0.292121
0.177645
0.1027477
0.5896839
0.1810919
0.6679124
0.07741703
1.948125
0.113009
0.01065689
0.02308212
0.2996862
0.05623189
0.7209456
1.020249
0.09591692
0.064122
0.09747852
0.05351268
0.01940291
0.644483
0.3578904
0.6003724
0.1212938
0.9634637
0.2903269
0.1486522
0.07156699
0.8040748
0.1880437
0.4037666
0.1750272
0.1359435
0.1029715
0.4089022
0.0002327605
0.2474431
0.2018998
0.06486886
0.03797352
0.4646625
0.6250104
0.4066184
0.004796545
0.2265416
0.04414877
0.01161534
0.07186309
0.2436161
0.6732267
0.03170964
0.3861118
0.2489063
0.61508
0.4470429
0.1479464
0.06984227
0.5434429
0.07032907
0.183411
0.1514872
0.9770417
0.09370199
0.3605952
0.1137887
0.02221045
0.03227952
0.07146391
0.0626347
0.01862565
0.2085629
0.03969264
0.4211854
0.001275285
0.6154777
0.03604752
0.1395261
0.1269762
0.1869661
0.2293965
0.03114394
0.3663323
0.1235678
0.2557946
0.09562523
0.3098682
0.2163573
0.7043509
0.4023221
0.02908251
0.09406675
0.153945
0.05335713
0.2752573
0.03325314
0.2432877
0.1639109
0.4883783
0.06437332
0.05274721
0.1286298
0.1729585
0.06296131
0.2019861
0.6516127
0.4547698
0.3307179
0.2018337
0.1766735
1.409999
0.05265337
0.6152539
0.1448924
0.001753134
0.1323014
0.1141011
0.1481424
0.04478496
0.1958514
0.03875772
0.02813169
0.2987566
0.110107
0.1488062
0.0338926
0.4530798
0.03757325
0.08759736
0.1940845
0.0398815
0.2517933
0.1929506
0.005580612
0.2627769
0.1955723
0.1681398
0.1186948
0.3310536
0.4497828
0.113313
0.125143
0.3423427
0.3034108
0.1834412
0.3901427
0.01429342
0.4625601
0.6286928
0.1211067
0.2222219
0.1621597
0.2320761
0.05224223
0.4132007
0.6025324
0.7909484
0.1374377
0.1334831
1.104117
0.1401408
0.08711733
0.1619379
0.4705998
0.4340538
0.04924622
0.03352319
0.002438166
0.4069513
0.3741387
0.4158928
0.1802259
0.1602592
1.078056
0.1102978
0.4195076
0.009138104
0.5994538
0.2805915
0.000203093
0.3298215
0.06439546
0.2191639
0.4009766
0.02572498
0.2429038
0.1064887
0.03848258
0.02480582
0.6074289
0.4073171
0.4339921
0.1120679
0.05602753
0.01356259
0.2012721
0.1944776
0.1295768
0.01875036
0.1553443
0.5062272
0.1904643
0.08592677
0.07448352
0.06373269
0.3208243
0.120327
0.1245604
0.6760617
0.07599136
0.006251711
0.6415963
0.0609823
0.3668222
0.3712087
0.1821197
0.1545282
0.3504853
0.1825039
0.09848688
0.005217262
0.2271665
0.6884502
0.09687198
0.4991301
0.2215871
0.1007467
0.4836628
0.2174024
0.04783475
0.5565403
0.7921755
0.0825218
0.239997
0.01985653
0.4069473
0.1116668
0.303905
0.2691384
0.3821354
0.6082382
0.1204165
0.4252387
0.1319177
0.4528938
0.3392258
1.091325
0.1330938
0.2392263
0.1505
0.713169
0.003983446
0.7905369
0.04817631
0.1023076
0.08434298
0.1208007
0.02462775
0.1176141
0.09171557
0.3062765
0.04690683
0.67785
0.1315864
0.1357864
0.08884564
0.08292666
0.1853414
0.2715914
0.4588356
0.4406916
0.06456727
0.7630565
0.6784476
0.005957707
0.285203
0.5222323
0.2883314
0.06590186
0.05015024
0.01509472
0.2986897
0.2060389
0.5071462
0.4130433
0.08320304
0.3749703
0.03239358
0.2802743
0.105051
0.3362423
0.0453414
0.2006573
0.4093972
0.06001926
0.05537083
0.6177817
0.1170702
0.2425022
0.4762672
0.1329597
0.08130438
0.04007477
0.3575502
0.2078204
0.2526881
0.008883374
0.6190503
0.3063333
0.3536853
0.5468032
0.1421597
0.0004570164
1.088453
0.2298615
0.06094296
0.1828852
0.08657845
0.1101804
0.480988
0.3768231
0.287101
0.1298654
0.9404732
0.1575154
0.4893968
0.1295589
0.450723
0.09771506
0.2557675
0.001084603
0.06189903
0.4744741
0.0003470004
0.3933994
0.9062348
0.2708889
0.08338792
0.3709095
0.03489188
0.02716654
0.2245263
0.1242881
0.041976
0.2610492
0.2515266
0.5551962
0.01038287
0.09829067
0.1582403
0.3537364
0.2309408
0.6815567
0.2859492
0.3372332
0.8072587
0.146986
0.03391644
0.1022975
0.4240794
0.0915665
0.02972158
0.2971432
0.5846556
0.180675
0.2127701
0.459198
0.02716419
0.04255133
0.1099513
0.05474222
0.04538672
0.321263
0.07580215
0.3811864
0.5229149
0.1056947
0.01912311
0.4915026
0.1835948
0.0579266
0.08513919
0.03297034
0.155641
0.5345837
0.3370303
0.735824
0.2252078
0.1621398
0.0793628
0.1313765
0.1221454
1.206272
0.008606329
0.2083277
0.1757767
0.1106087
0.2849691
0.09043095
0.0860583
0.03665214
0.1576672
0.2760001
0.266797
0.4408735
0.333663
0.1288508
0.4769021
0.2956346
0.2871049
0.8788602
0.4468141
0.09808472
0.08202433
0.1189051
0.08990559
0.09002666
0.1843634
0.3468986
0.9057388
0.1493989
0.1945673
0.02312589
0.3584797
0.04117133
0.05777121
0.103888
0.3812219
0.5891172
0.5586778
0.08717411
0.316963
0.3476398
0.1221912
0.01024995
0.2859461
0.4231585
0.2513628
0.04016511
0.04185398
0.1303066
0.08927561
0.4801199
0.3390674
0.06437437
0.3921597
0.008086548
0.3346521
0.01575775
0.1324536
0.04003587
0.01982538
0.06429577
0.4266645
0.1250553
0.2673815
0.03334104
0.2312001
0.3452294
0.2369123
0.2789211
0.184044
0.04673466
0.1309801
1.019718
0.8276801
0.258897
0.07955695
0.3180834
0.5314171
8.8369e-05
0.3135781
0.09099711
0.04830764
0.147482
0.1507692
0.07010684
0.8486272
0.4225839
0.5691681
0.03744768
0.03785799
0.3757842
0.005031322
0.2159867
0.1499928
0.702783
0.03099067
0.7505646
0.5872622
0.03773413
0.1426357
0.1181872
0.7001854
0.4087531
0.09034169
0.4628243
0.5785707
0.04801984
0.3855097
0.01689474
0.04028988
0.06295196
0.02641452
0.1735481
0.08347037
0.2494947
0.2990944
0.3877218
0.8936477
0.3240631
0.1055824
0.1449721
0.02819694
0.123823
0.3678637
0.2626402
0.1225098
0.2107602
0.3368888
0.2297413
0.5152868
0.3880396
0.242735
0.1254686
0.2689631
0.07025777
0.4368959
0.4330243
0.284472
0.0397983
0.1508194
0.2676579
0.6217079
0.02694516
0.01111284
0.6030301
0.6603367
0.1776148
0.3739631
0.03473355
0.4344528
0.00780317
0.1308985
0.389915
0.007146193
0.2123797
0.08335126
0.2718818
0.00586611
0.3980754
0.08661697
0.1742279
0.2211503
0.1339246
0.0645234
0.2942277
0.5303513
0.01411346
0.3854735
0.2016743
0.7652935
0.5117787
0.3630277
0.1342532
0.1135713
0.2336753
0.1147548
0.263797
0.1362319
0.05598464
0.2663324
0.09488733
0.00147999
0.09433296
0.2978934
0.03444434
0.04413598
0.1741217
0.1858194
0.4356964
0.07139581
0.07215349
0.4074028
0.9863951
0.3253101
0.1988826
0.003755501
0.021888
0.2672815
0.2653741
0.2917922
0.3685962
0.3195901
0.6527686
0.3628101
0.1955297
0.02106677
0.09808741
0.1770857
0.335375
0.568741
0.2462323
0.1542573
0.9653007
0.3584083
0.482653
0.3613836
0.4267705
0.1013242
0.3853672
0.07087789
0.3882999
0.9898198
0.06274397
0.1984909
0.03061583
0.3937603
0.2268428
0.07485074
0.1866752
0.6626396
0.04437314
0.03329774
0.1388335
0.1524601
0.2308845
0.04146074
0.5768925
0.1021319
0.6296589
0.8733595
0.0133016
0.09416309
0.7261563
0.2053508
0.1001768
0.1395575
0.336012
0.5766365
0.363134
0.0258728
0.7186499
0.3288444
0.7502503
0.5960572
0.07496112
0.2934841
0.5254727
0.002239983
0.4427942
0.1285584
0.2344542
0.3356998
0.001940338
0.1397094
0.4223635
0.4461238
0.03327583
0.001705873
0.2188438
0.06608645
0.03241268
0.4926042
0.3042482
0.01515061
0.121494
0.2106311
0.391802
0.3598751
0.1549648
0.1235531
0.233866
0.08449002
0.07932417
0.1217898
0.1966487
0.3695057
0.2229937
0.08154917
0.3695926
0.02920481
0.4752312
0.04540984
0.06367624
0.5151639
0.1192089
0.1645281
0.02048548
0.2741456
0.09264743
0.001282211
0.3290459
0.03165489
0.09085511
0.03225705
0.3760763
0.204576
0.1095864
0.08293299
0.2120072
0.05076664
0.3642391
0.2110656
0.2561648
0.1384799
0.3122372
0.04641082
0.06168423
0.009571318
0.2090886
0.2272274
0.2005765
0.01213243
0.0546776
0.02000423
0.5236944
0.01509389
0.3924174
0.005102386
0.05352377
0.2513872
0.4073459
0.3900792
0.1004767
0.2865089
0.1451849
0.1812967
0.06899468
0.07841534
0.23879
1.20596
0.2965536
0.0367888
0.08495816
0.03161607
0.4581626
0.1817988
0.06731336
0.4568539
0.7376288
0.056892
0.572308
0.07491832
0.2142835
0.2457714
0.3664411
0.3089449
0.2749387
0.2718226
0.06186527
0.2387893
0.3892342
0.01028249
0.1855647
0.01802496
0.07172731
0.0738589
0.2080285
0.1360435
0.004663935
0.1230359
0.1228265
0.1031845
0.07007711
0.2354786
0.3405501
0.1718661
0.144675
0.008778398
0.0370658
0.5771634
0.02000298
0.2230845
0.3209614
0.08035303
0.1476537
0.1487061
0.3581972
0.07075586
0.6356367
1.191655
0.1341776
0.2471333
0.5104423
0.06746876
0.1085382
0.01079648
0.4230087
1.067211
0.01945152
0.254148
0.3661154
0.4449656
0.2292968
0.2008565
0.3721757
0.004257022
0.3849065
0.3030445
0.0973583
0.2581297
0.03597476
0.2138989
0.03764418
0.3727852
0.1655458
0.04612518
0.02048746
0.04957859
0.2214532
0.09785387
0.1051091
0.1107596
0.1491982
0.1628845
0.1130877
0.2032919
0.1634449
0.2754092
0.1211193
0.1357675
0.1517541
0.1978495
0.05069511
0.09631371
0.1071448
0.08867379
0.4310596
0.1962513
0.1984543
0.04121584
0.08304804
0.4382977
0.144167
0.06309186
0.9421869
0.1134827
0.04976538
0.2266594
0.3530131
0.06074992
0.09402382
0.1595743
0.1991419
0.6885516
0.3842228
0.09864711
0.1411272
0.2664591
0.01062026
0.5289045
0.515462
0.1496422
0.052779
0.6089678
0.2932476
0.2898777
0.04266125
0.1169542
0.7139238
0.1550423
0.04131927
0.3844066
0.4517644
0.01137239
0.5266901
0.1812555
0.04051399
0.001499007
0.4811719
0.05242327
0.05377287
0.1534062
0.4879862
0.3897822
0.3703369
0.09320839
0.2045432
0.320292
0.4231258
0.2683457
0.2670728
0.1241934
0.1614428
0.2221045
0.2214369
0.0453748
0.4152686
0.1284973
0.1890999
0.5632976
0.3110362
0.9073377
0.3994225
0.1052591
0.3177663
0.003459426
0.2245456
0.2104233
0.08691832
0.3264166
0.06605905
0.2615747
0.03824408
0.1016951
0.3007665
0.04057173
0.4235144
0.03317284
0.2793673
0.8419314
0.2234638
0.605697
0.03989373
0.6390685
0.06757074
0.7842263
0.2473319
0.08780444
0.09062363
0.04069739
0.03631937
0.3110037
0.4306782
0.5427232
0.05609431
0.7530955
0.08937496
0.01330108
0.456425
0.1002806
0.09800944
0.2824069
0.05523775
0.007027995
0.6412132
0.2785804
0.7423532
0.7424579
0.5867876
0.8259676
0.04207473
0.6334541
0.2121082
0.4180102
0.272033
0.1159684
0.01088442
0.3099981
0.3501676
0.3252367
0.5534259
0.145144
0.1695004
0.204303
0.03756889
0.2891246
0.2204795
0.3202038
0.1729008
0.04234032
0.07071952
0.1522748
0.1221883
0.1134245
0.07265182
0.59626
0.2150901
0.0368236
0.2750122
0.2998785
0.07022063
0.4818732
0.006785978
0.01576017
0.2309056
0.5440649
0.02160146
0.4215997
0.2083707
0.1841685
0.342899
0.1998942
0.01246332
0.09292399
0.4059797
0.8515389
0.08428194
0.7665116
0.01823356
0.2203769
0.02238681
0.3554911
0.3220927
0.5690764
0.0276591
0.01414394
0.1132527
0.06494604
0.4374491
0.0162889
0.1024897
0.08723293
0.2378943
0.007085983
0.784945
0.3895156
0.01471397
0.8865898
0.686897
0.09754371
0.1751053
0.0903433
0.1517432
0.4802977
0.03993333
0.411717
0.1074337
0.2046174
1.030858
0.2625412
0.1614319
0.2046742
0.2121018
0.5417806
0.04534539
0.05380423
0.07238132
0.09941845
0.2312046
0.4172887
0.3113437
0.1256585
0.05499068
0.07144229
0.1146502
0.2382118
0.2401103
0.1705579
0.3009425
0.07908047
0.2390458
0.2668618
0.02137465
0.2445819
0.1433493
0.1543075
0.1459654
0.03716839
0.2384523
0.3044117
0.04485623
0.5710476
0.08823776
0.3011062
0.05087843
0.537195
0.2282689
0.0479384
0.1601574
0.001431512
0.1174682
0.1175385
0.2454144
0.0003835889
0.3129858
0.02063774
0.06472009
0.7712301
0.283657
0.1305331
0.001551656
0.06636203
0.06542754
0.1463557
0.2552817
0.07179925
0.2435364
0.04015237
0.03723448
0.1983318
0.1512784
0.1728955
0.02391456
0.2859952
0.3197031
0.1706061
0.08523697
0.09904519
0.02078381
0.05947638
0.4772809
0.4009085
0.2427704
0.504138
0.01088926
0.02197016
0.03695481
0.02275264
0.5297308
0.08409232
0.1893275
0.08812845
0.7059061
0.4024979
0.0826623
0.4069882
0.2056966
1.377819
0.07163545
0.1046518
0.7895312
0.3447877
0.2858835
0.07237683
0.2810065
0.224053
0.08273846
0.006904965
0.1154918
0.05243679
0.05892938
0.3615761
0.4055992
0.1800463
0.07269102
0.2015948
0.6478386
0.2250647
0.3449288
0.01706001
0.0322716
0.3104993
0.1621636
0.06427928
0.07384815
0.2303432
0.03007299
0.3739012
0.3864137
0.3073479
0.3270435
0.007949749
0.0411187
0.102407
0.2304432
0.2362999
0.2605813
0.3349793
0.03339197
0.0656416
0.2928882
0.07172632
0.1074943
0.2695579
0.2284912
0.2207234
0.08910307
0.05149148
0.06820415
0.235125
0.1428158
0.01875302
0.5213483
0.01587439
0.1397827
0.03024294
0.07551194
0.4139535
0.03114424
0.06776841
0.1325983
0.09826213
0.2840437
0.7828195
0.2784202
0.412581
0.06846704
0.611941
0.2043264
0.4137355
1.121703
0.5325316
0.03136808
0.01198845
0.05312877
0.06674628
0.06448755
0.09501446
0.08212012
0.3674106
0.1002483
0.1289417
0.07699788
0.2874831
0.2788377
0.3816482
0.1951628
0.2173525
0.07438864
0.02471707
0.1483459
0.0654448
0.2676713
0.06124763
0.5283942
0.2703372
0.1356111
0.1427889
0.1207554
0.302758
0.001915133
0.04167143
0.650792
0.3820666
0.07617057
0.8226984
0.02997395
0.06059828
0.1669363
0.1452518
0.119147
0.01557654
0.1110069
0.01719287
0.1975737
0.04924946
0.04512751
0.3648435
0.1283363
0.1771543
0.1561919
0.4148886
0.06830489
0.084623
0.2348806
0.1623677
0.04953246
0.08796344
0.3698359
0.2258942
0.03975073
0.01782462
0.4726195
0.09238611
1.423907
0.0395398
0.1989881
0.4074236
0.9623011
0.179527
0.3059583
0.001240209
0.04841289
0.2008204
0.02209813
0.5904665
0.009679374
0.02356475
0.9860426
0.5555213
0.1204546
0.5370445
0.02099538
0.3571489
0.1151029
0.03140702
0.1004013
0.5557488
0.4088479
0.1547696
0.0141329
0.4129404
0.1213413
0.009059096
0.3942258
0.1339403
0.0355796
0.1368996
0.1095886
0.06137807
0.06188047
0.9331983
0.3046119
0.06467348
0.3971906
0.02182567
0.4059123
0.1381393
0.08318649
0.3174525
0.1003601
0.02665233
0.03412631
0.6174927
0.3405288
0.1269871
0.3035919
0.06438225
0.1628745
0.3157327
0.1761489
0.04251487
0.1605452
0.0976888
0.1264089
0.7624574
0.1385895
0.1818234
0.02302466
0.2028045
0.03082924
0.475954
0.04220479
0.2067862
0.7019451
0.3485888
0.01126393
0.02242453
0.5597652
0.2574116
0.002772211
0.3211182
0.1738761
0.1635132
0.4207727
0.004641917
0.1502637
0.444159
0.1128717
0.2255311
0.1122096
0.1239524
0.1979797
0.897965
0.4603404
0.7694443
0.6137998
0.0408271
0.5717209
0.3721416
0.2616318
0.1132418
0.1461106
0.3738489
0.1273396
0.007939704
0.1232854
0.2011804
0.5361573
0.1741799
0.3629288
0.2798146
0.1381457
0.1926583
0.2915541
0.07084184
0.1865992
0.01881212
0.9698975
0.09301146
0.02470864
0.18125
0.161523
0.07853161
0.03085884
1.004689
0.1415769
0.1301656
0.08892912
0.2234304
0.2693111
0.09613673
0.4195021
0.04383787
0.1069788
0.08565377
0.03696465
0.01261585
0.2701387
0.4971848
0.08146713
0.3851451
0.1679026
0.2066531
0.05486542
0.3798874
0.452997
0.163372
0.1547677
0.7662945
0.05211697
0.1410124
0.9221326
0.2807904
0.3199017
0.0416331
0.06466102
0.09323508
0.912922
0.261856
0.08475522
0.03490165
0.1698195
0.07961464
0.02256383
0.1101115
0.3080196
0.1680538
0.02319623
0.2026595
0.5552473
0.3299708
0.220096
0.7960867
0.04836122
0.04024476
0.1448689
0.08077206
0.5341096
0.07480829
0.2811075
0.06397221
0.09051889
0.1943748
0.2438564
0.09459162
0.3811622
0.1187096
0.1670986
0.05253944
0.1473449
0.469789
0.03652534
0.01737178
0.6252579
0.2229595
0.1483199
0.04258242
0.3860786
0.02881206
0.3783012
0.1930296
0.7156428
0.2869024
0.04471768
0.006561192
0.4651715
0.08540895
1.007299
0.198279
0.05632202
0.1043414
1.129042
0.8516007
0.3384329
0.4449746
0.009400765
0.2053908
0.4572133
0.3959105
0.1761279
0.2591049
0.6710677
1.209727
0.2375788
0.2807142
0.3076998
0.4709038
0.2835507
0.5183142
0.156958
0.08296316
0.2295719
0.006242234
0.001648823
0.2002134
0.1545078
0.09979353
0.002557974
0.1091316
0.05844618
0.4030294
0.1499976
0.1728511
0.01789966
0.1885409
0.4265292
0.5415785
0.2758915
0.02365378
0.4090367
0.03746934
0.1469001
0.01932042
0.4157543
0.2902025
0.08329307
0.2286463
0.08677678
0.3880749
0.8073981
0.01795576
0.0407146
0.2786135
0.004437789
0.6406729
0.3688945
0.5989287
0.02452578
0.07574384
0.04666023
0.3344512
0.7635618
0.07458343
0.009968987
0.0128791
0.5045305
0.1592901
0.08215819
0.1327459
0.2123764
0.4225396
0.03869535
0.09531366
0.2359837
0.3041843
0.6470609
0.1103999
0.0400659
0.7525583
0.003814351
0.1621951
0.221126
0.08281518
0.1225642
0.4986279
0.06567284
0.01820948
0.4957024
0.08476552
0.1259053
0.1802378
0.462911
0.3876983
0.135919
0.0647933
0.007426093
0.01926786
0.04539719
0.8978289
0.0281035
0.0209924
0.1011367
0.04747992
0.5118576
0.1877989
0.2399768
0.1023729
0.1080603
0.07147107
0.2210764
0.2606176
0.03774176
0.03114665
0.8567238
0.009840311
0.2827604
0.1332741
0.1843356
0.3665449
0.0209963
0.9353752
0.005577447
0.3451701
0.3867704
0.2932366
0.2019012
0.3758823
0.08502905
0.04083887
0.2836086
0.07410078
0.6445623
0.06340508
0.01406197
0.4548714
0.1558234
0.1100897
0.1652919
0.3505999
0.2135962
0.2658383
0.2830761
0.05877619
0.4115477
0.001560182
0.1143979
0.1344324
0.03667973
0.4109815
0.001258239
0.0575075
0.1099833
0.4641435
0.1550219
0.04627423
0.04441779
0.3501904
0.2689439
0.09467568
0.1752533
0.1053196
0.06222029
0.2125287
1.015369
0.03761984
0.08855067
0.2604837
0.06045366
0.6169924
0.1758798
0.8707338
0.09395903
0.01887635
1.164027
0.1930645
0.05686424
0.119367
1.29569
0.3384189
0.02866758
0.3627421
0.01529057
0.2933264
0.1772417
0.08048857
0.05901139
0.08132778
0.03453754
0.214965
0.3838398
0.4027321
0.1056616
0.7050824
0.3747875
0.09626938
0.1383093
0.1621522
0.2460295
0.1389915
0.01291243
0.07082946
0.1975176
0.04938202
0.3377036
0.1109384
0.1838422
0.137614
0.01297927
0.629508
0.2121047
0.01508356
0.6298667
0.02809063
0.4022305
0.5189932
0.1094254
0.3971131
0.2057581
0.4771535
0.11385
0.1325909
0.07505239
0.06120474
0.0855775
0.0918561
0.01582751
0.0100898
0.1781307
0.02028883
0.1590615
0.03366137
0.07633066
0.5772368
0.5976181
0.2694499
0.2092085
0.01778149
0.270097
0.2973695
0.03513173
0.1998075
0.4344419
0.08309688
0.06128773
0.1911333
0.1465912
0.1469286
0.0338462
0.04159649
0.6548696
0.4602975
0.01456102
0.02680086
0.4315899
0.1863019
0.01046545
0.4332915
0.3017103
0.2022053
0.04705268
0.1582216
0.01616378
0.251886
0.1055403
0.03856811
0.238263
0.871403
0.7343171
0.2375809
0.01617304
0.3510258
0.2764492
0.9022952
0.4856517
0.2816158
0.9361215
0.3216597
0.5525788
1.199022
0.4744796
0.3001366
0.7880602
0.3025512
0.06867027
0.4256678
0.3086877
0.005011305
0.3354582
0.5471565
0.1932151
0.003707765
0.1810068
0.01556269
0.1512129
0.3891967
0.06878596
0.1585386
0.0746072
0.08069201
0.1914008
0.1936351
0.296436
0.19895
0.4368305
0.09234922
0.03439615
0.2074742
0.1554697
0.02944082
0.1462032
0.6499033
1.190075
0.1096185
0.7136182
0.6143942
0.03508634
0.2320203
0.4072061
0.1527279
0.2957848
0.6422106
0.1117927
0.0187217
0.1460381
0.07041579
0.08873973
0.3911967
0.7945666
0.3920221
0.1175093
0.2955436
0.5222684
0.01101188
0.1551947
0.06032069
0.08836462
0.05418182
0.235239
0.07277897
0.1906398
0.3270464
0.1197794
0.4798007
0.2356635
0.04339785
0.8087744
0.600324
0.01601916
0.8298445
0.08993472
0.9953407
0.3833423
0.2588427
0.5124529
0.1124438
0.5503956
0.03065519
0.2217708
0.5866089
0.05434421
0.2423888
0.2094548
0.2347479
0.1669547
0.0608826
0.0718768
0.06563095
0.02114945
0.03326788
0.006106313
0.5932481
0.3191009
0.05045855
0.146705
0.5010999
0.3055972
0.2073843
0.2554304
0.3535462
0.2918972
0.04015332
0.0271262
0.2650307
0.5043968
0.1410773
0.01186527
0.1208788
0.01566754
0.2918264
0.08583513
0.2234239
0.007982512
0.3217149
0.06858908
0.5363204
0.1195362
0.04409421
0.2413928
0.2690284
0.2036108
0.05479849
0.004954531
0.09029221
0.2843466
0.1707715
0.07786285
0.115488
0.1417087
0.4293209
0.01792596
0.2128818
0.2335676
0.3567647
0.1448815
0.2053121
0.01029292
0.2507774
0.7217877
0.0197959
0.1871
0.4353397
0.2952815
0.1100797
0.07562224
0.067332
0.2678267
0.5440462
0.3989409
0.03877412
0.1948735
0.1694721
1.366358
