-1.916131
1.035695
0.3708383
2.145057
3.324203
5.109986
-0.06763253
-0.06488386
-0.8106283
-3.043431
-1.998687
-2.656488
2.002542
2.043013
2.108333
1.141405
-3.669431
-0.9939167
-2.217292
0.6048809
-0.6048861
3.214925
1.111561
3.218842
-1.090969
-1.719106
-0.1216581
3.270817
2.677644
3.235735
-0.002915786
5.403803
-4.348728
-0.4741239
1.85823
1.505079
0.5248756
1.203686
2.23287
3.948893
-0.8881181
-1.069533
-1.322138
2.691847
0.4397633
-2.477226
1.141464
-2.842193
-3.102734
-0.4693183
3.173819
-0.1699711
2.677111
-0.88073
5.142506
0.5420603
5.035776
1.006984
-2.628249
2.312554
1.496722
0.5608314
1.258946
1.143138
-3.539701
-4.190088
-1.420496
-0.3074179
1.076136
1.221581
1.786176
1.676291
-0.2583488
0.7671554
-1.150176
-0.7944551
-2.82467
3.882704
2.528227
4.462598
3.020509
-1.850805
1.85769
1.018089
3.283813
2.280555
4.003076
2.250145
0.8000483
-1.400384
-0.266251
0.158881
-1.601795
-2.28021
-0.6920083
-1.40185
-0.6404481
-1.922551
-2.109905
4.121738
-1.571171
-1.561761
-0.5886985
5.845501
-3.123634
-0.8105805
0.127738
0.1508054
1.327332
0.5952684
1.109827
1.136624
0.4026214
1.701058
-1.323652
0.6699485
-0.3632939
-2.185698
3.925537
-0.04912543
-0.9799292
3.949645
0.001896781
-0.7360326
1.843583
2.033992
0.9557135
-2.224605
3.157009
5.478856
1.601744
-1.188631
-4.806996
0.1250708
3.709669
-0.9794583
0.05329769
1.077113
-3.781224
-3.044599
-0.9529354
2.319327
-5.062596
0.1408871
-0.3137769
2.5915
2.266681
1.086942
2.407282
0.8068728
4.717861
5.508984
0.5104164
-0.4609581
0.4297377
4.260361
1.002071
1.855098
2.556958
1.031068
-0.02435919
0.8067923
0.6590647
-2.866776
-0.7412616
-3.880948
-0.1357543
6.644088
-0.1116382
4.255246
-0.6241584
0.7413859
1.034541
-1.072499
2.115245
-1.44354
4.129731
-1.531415
-2.103933
2.614391
-2.282428
5.679749
1.319641
-0.524278
-2.197537
-1.276171
3.290482
2.81384
4.325981
1.32326
2.791343
7.647004
1.125771
-1.617281
-1.84326
3.044209
-0.2812604
4.979365
-1.127481
-0.6874139
3.2934
2.811915
-0.6387989
-1.483987
-0.6726893
1.274646
5.058478
-2.665427
3.22122
3.525077
2.744431
5.280743
-1.936963
-0.9197737
-0.2741703
-2.586673
1.614639
-0.7713235
1.238498
-1.632439
-0.8870812
0.1605051
-3.626732
1.191197
1.010448
-1.882501
-4.728247
4.072175
-0.4533151
3.593171
-1.915169
0.0478242
-0.1635765
-5.317928
2.999576
2.011999
1.808492
4.893151
6.684806
3.122045
4.38711
4.311917
0.8954926
2.500051
-1.610717
2.753769
5.395975
-3.042128
-0.09127418
-0.7129975
2.430616
-0.3761323
1.341551
3.333664
5.543557
1.010882
-2.645232
0.1355195
3.245382
1.100295
2.193313
1.410444
-2.55911
0.144003
-0.8483004
2.256532
1.022572
1.216879
0.2884685
0.5235223
0.0478817
5.765471
-2.288089
-1.606076
-1.019627
5.448327
-0.5880009
8.123205
-0.5624499
1.555084
0.6969384
1.943988
0.3714039
-2.286633
0.8460958
2.860765
-2.422246
1.432961
0.6082221
-0.1654688
0.8131749
2.382784
-0.01383105
4.548044
1.809691
2.176524
0.2549173
-1.557042
2.434012
-1.434205
-0.4708727
-0.2890025
-1.323667
-2.179696
-5.764566
-2.577128
0.08856847
0.9379941
-0.9655011
-2.971483
4.133949
-3.24305
2.004992
-0.1969606
2.846888
-2.181267
-0.3226033
-1.04915
1.224755
0.8481171
1.920666
-1.437944
2.429638
3.052769
-1.686134
4.455297
4.776182
0.7332251
3.569947
0.3922338
-1.023538
2.782211
0.1829823
-1.337348
-4.834783
2.782384
4.805475
-1.318977
1.759689
-0.2665599
5.05478
2.01982
0.6077614
3.752427
1.875664
1.07796
0.9262119
-0.4704712
-0.2235581
1.891184
0.8837964
2.123798
3.506395
-1.043476
1.65135
-0.05511654
1.591296
0.6596523
-0.5721226
-1.24833
5.374214
-1.578822
2.584416
-4.10394
1.065535
0.9635529
0.07982229
2.100206
0.7452167
1.084488
0.3220045
-0.14741
2.659892
2.260422
0.01131025
-1.312525
0.7549276
-3.231584
0.950206
-1.212323
-1.886545
0.9908372
-4.610154
2.881973
2.922086
-2.682812
0.08423029
-1.980923
2.749759
-0.7958512
-3.297595
0.2533664
-2.815629
5.378872
0.4495152
0.7610426
0.003121165
1.395046
3.050328
-3.667558
-1.070469
3.167844
1.156613
3.39209
2.119362
3.214732
-3.391876
-6.481473
0.1344549
2.528782
-1.528144
-2.375329
0.293794
2.205101
0.138729
4.79709
1.960128
-1.243412
0.9570851
-0.257876
-1.853672
-0.7784222
-0.3001444
0.07452228
2.91448
-5.189735
4.377322
3.267288
-0.1624644
2.119693
3.574607
1.326885
1.279444
-0.7624084
4.557141
0.1991623
0.02404703
2.667181
2.01951
1.578016
-2.121472
2.137472
0.6959714
1.828963
0.7132966
-6.290763
-0.2907697
1.858492
-1.51992
0.806591
0.4128643
1.313598
-0.2773391
2.284313
0.6656174
4.245996
-1.094328
4.098555
1.303485
3.717802
-3.227447
-0.9595629
-1.553233
2.536695
3.499754
-2.966736
-0.6486663
2.620717
0.2065523
1.880421
2.462515
0.9184532
6.369896
-1.193594
-4.498368
0.979605
3.297202
0.8954878
-0.5518431
-1.263406
1.278354
2.5097
-1.144348
-0.04092231
2.675915
-4.218471
7.085417
-2.694762
3.045603
1.50963
-0.3499263
0.3645956
-7.065972
3.326324
-1.109567
-2.084036
-0.08821583
1.35835
0.5790604
4.118999
-4.605309
4.513504
-0.5439042
3.670295
3.110256
1.416284
-0.4821727
-1.441378
0.3325588
-0.1067032
4.872995
-1.827555
-2.367813
-1.995866
1.315811
-0.8486657
-0.2760101
3.794166
-6.626465
-2.793316
-0.4474282
1.103871
2.244113
-0.7335024
5.028875
-1.262104
2.35253
3.386799
-0.01012244
1.114934
-3.708618
2.185203
1.735959
5.259165
-3.396386
-1.691654
0.7178756
2.901879
-3.254144
-0.709942
-3.068517
2.188167
-0.3782386
-1.228167
-0.3140658
0.987484
-2.54944
-1.802978
-0.3069057
1.233995
2.883685
-0.7265869
1.523732
-2.577339
0.8965774
3.44478
-2.585856
1.605689
0.8561576
3.845882
-0.1116131
-1.588256
3.510133
4.95297
-3.892921
3.845691
8.893745
-1.986842
-1.636533
-1.116941
1.032667
0.5504981
1.286219
-2.951819
-2.900109
3.050591
0.2929238
-1.786259
-1.542131
2.72136
2.913286
0.3157787
-1.030933
0.9136736
0.8307073
0.3635932
1.679102
0.8281861
-1.973686
-0.1929431
2.177304
2.320682
4.230835
0.8301198
0.04943518
-0.2705747
1.655976
0.6762098
0.5562002
-0.1379098
-1.419439
2.402312
1.21703
-2.328552
-0.5947306
-0.8331876
1.818632
-2.267934
-0.9135732
-0.1734402
-3.594953
5.02729
0.2506949
3.54005
0.4811093
-6.144255
2.869986
-0.8866026
2.51567
2.362713
2.816196
6.103904
2.814785
-1.82119
-3.072792
-1.487147
2.715323
1.721739
2.485054
2.138492
0.8155303
-2.649082
0.5791677
-2.159805
0.4087159
0.930444
-0.1796705
-0.04063367
1.591008
-3.071928
1.024435
1.812075
1.813116
3.466377
5.276601
2.565853
4.238311
-1.788681
2.452997
0.7787833
2.100492
1.332256
-0.3676813
3.063945
2.304621
0.509192
-1.715322
2.478118
0.6225343
0.2275329
-1.717077
2.271941
3.051092
-0.6599755
-1.891223
3.257208
-0.06293429
-1.332793
0.5258408
-0.9451724
-0.3952878
4.6686
0.4286113
-2.197137
2.430683
2.129565
0.7770876
5.139832
0.2552607
4.547158
-4.99386
-2.517692
2.729507
3.046788
-1.172431
4.53984
0.3992284
-1.454711
-3.733868
1.175651
-2.36867
0.8759435
-2.057085
2.271475
0.8391465
1.162547
3.052851
0.2726498
0.06892326
4.050581
1.370978
-0.2584135
3.117342
3.392324
0.819366
1.534086
3.856735
0.2180932
-1.431501
-2.659509
0.7940365
1.065268
0.7715896
5.586007
-3.826414
1.642069
-0.5366262
4.32065
-1.382829
4.99655
-2.428533
0.2160914
0.3671512
-1.547181
-1.09714
0.6685093
1.202967
2.147598
-2.501512
-1.673726
0.1027713
1.68737
1.78809
1.074894
0.6618744
1.438358
0.9055584
3.921832
2.014148
-1.197374
3.201914
1.952407
0.5435253
-2.236264
-0.4740823
-1.817422
3.948969
2.316633
2.174889
-3.329319
-1.48549
-1.971302
3.43726
1.700397
0.751464
1.063529
1.976536
-1.138671
3.192439
-0.3696716
-0.47619
1.108202
3.390002
1.251252
3.21817
2.078719
3.081507
2.443616
2.260136
-0.8344945
-0.2058018
2.430139
0.1298266
1.032171
-3.381212
0.6307148
1.452176
4.144134
0.7471621
-3.747449
-2.626791
3.315275
-1.783296
4.047789
1.419652
3.591259
-0.1550999
1.362902
1.565502
-1.672997
3.993678
3.969502
2.694208
0.4685407
-1.756095
2.465113
-0.3422461
0.5644236
1.899135
-0.8265576
2.308277
-3.227226
-2.006874
2.608946
-3.233149
-0.7578801
-3.042161
-3.549679
-0.6565782
-0.1245238
-0.8328214
-0.296717
2.081508
6.679059
-2.954571
5.026262
-0.5153974
-1.193162
-0.9475172
0.01779269
-0.1239688
3.534708
-1.82628
3.33754
1.79682
-2.693053
0.7049747
3.673864
2.527971
0.9325136
-0.6390826
0.5092557
3.766856
-1.507502
-1.730425
-1.873172
-1.358093
0.2192572
-2.763296
0.6025532
-0.4826979
-0.3141317
0.5745162
-0.7254809
-2.063206
-1.04674
-3.480198
1.310266
4.490556
0.3002371
1.871674
1.909393
1.731112
-2.859081
3.468916
2.539629
-3.564244
-3.218693
-0.5658068
-2.399316
-1.439691
4.557015
3.766903
2.791614
2.893011
-1.259031
-0.4286704
0.6438965
1.487439
2.852745
2.780764
1.768684
-1.364372
-1.210578
-1.507241
3.932051
-1.122843
-0.5224224
3.184085
1.654511
-0.05230436
2.792249
-1.014752
-0.1652491
3.306991
3.177028
4.620632
-0.832062
5.509852
2.773101
1.024906
-1.635167
2.174787
-0.5546093
0.9984864
-1.179187
1.587485
-1.730763
2.93068
-3.544728
-0.2133938
-1.106402
3.570766
-2.292212
-2.903111
-1.442981
-0.3773124
2.369821
0.38472
2.953447
0.6846623
2.329759
-0.5028983
0.1373955
1.80519
1.797993
1.049589
1.973947
-0.8776598
-3.579038
4.128023
0.7413226
1.660824
-0.7469098
2.136893
2.056459
-0.8395456
0.6880287
0.4368442
-1.343438
1.880997
-3.242424
-0.04992317
-1.051458
1.97587
3.407943
-0.8176267
-2.461986
-0.174015
-1.221664
-0.5243197
1.530303
-2.201404
2.161855
-1.730932
4.405893
-0.07069775
-2.537105
-0.5730564
-3.135184
1.632159
2.793579
-2.591323
2.689164
5.339077
1.50939
0.4760338
4.029439
-1.158438
2.370453
5.161818
-2.780624
2.396929
-0.1188754
3.064352
-0.9609773
4.344781
2.205966
5.924506
3.964052
-2.124625
0.0273296
1.570222
-0.7045912
-0.2171453
0.6097125
-2.735204
-1.59206
3.220092
0.9730593
2.745837
0.02866248
2.631251
4.097162
1.427995
4.216925
0.2250859
1.071788
1.303526
-1.750594
2.71831
-1.086935
5.153415
4.283735
2.62607
0.1097569
-0.8304129
4.295939
2.517594
-1.59929
-1.036623
4.613293
2.197251
-0.7484632
0.7782759
-1.879996
0.3131539
2.805845
2.602326
1.879721
1.579368
2.705359
-1.287022
0.6011696
2.096742
0.5673981
6.200631
2.236477
5.826572
2.320629
-5.529645
-0.1595785
4.926536
0.1929202
1.910832
-1.481272
2.740981
-1.851201
1.342132
-0.07627699
-0.7080906
-2.576759
2.719907
-0.9357492
-0.2189112
3.681738
-0.6877032
2.350141
-3.515683
0.7030325
3.565482
0.7886913
-1.526651
-0.2217723
2.6688
0.1385995
1.173875
1.665332
-0.6526052
1.199252
0.3916138
-3.843157
0.9761298
-0.5710188
0.5491547
3.409124
-0.05628383
-1.338056
1.231417
-0.8013971
5.928729
0.5458521
0.3192021
0.3320525
-0.4071331
-1.775595
0.7407204
3.824728
5.87135
3.263425
-1.089968
-2.708867
3.64508
2.087996
1.985637
3.756725
-3.986626
0.133523
-0.2070013
-0.8484719
3.464124
5.400991
7.2072
0.6468099
1.106722
2.369588
4.073372
1.757143
4.363437
0.8075412
1.716885
1.593146
-0.3994476
0.003405566
1.122828
-0.004893275
-4.157638
1.007892
-2.200279
0.318485
-0.05884974
3.36901
1.200475
1.216135
1.227866
-0.7873889
1.917598
-5.314562
0.8628099
-1.941086
1.351825
3.287203
2.70737
-0.9985338
-2.549289
-0.6582768
2.457543
1.937818
0.8662619
-1.226077
2.945552
-2.384984
-1.568611
-0.7546002
2.705937
2.212669
0.03148726
-1.600962
1.327514
0.9268604
-1.524323
0.8275151
2.064994
1.255517
-0.2989345
3.149124
1.779206
1.386626
-3.472066
2.745151
2.408206
-0.06854616
0.803946
-0.8636589
1.472109
-2.681259
-1.405993
2.617987
-2.265382
2.212033
1.411673
-2.146699
2.068927
0.4569615
5.134418
1.938139
-1.253121
2.714982
3.998206
-0.8799899
1.379006
1.619665
-0.5874911
1.839255
4.754112
-1.86649
-0.4955126
3.036504
-3.897773
1.406173
-0.07186703
3.19547
-0.09928065
-4.032207
-0.5968416
-2.350573
-4.029105
-2.081258
3.373359
-2.406721
2.303411
-0.05401261
-2.089231
0.9934866
-2.439825
1.069118
0.6862666
4.995762
2.479299
-1.089075
2.004886
-0.5694552
-1.792382
1.112149
2.863445
-1.158614
1.279667
-0.8870296
2.832679
3.803211
-3.418035
-0.8648361
1.414915
-0.07098691
5.970978
-0.4976804
1.327524
2.6381
2.054429
1.594489
3.16096
-2.507246
-2.120745
0.4825271
-2.898254
3.213205
4.29859
-0.2823051
-0.1112245
3.538133
0.4476628
4.012866
-3.661735
1.147288
4.756247
-0.7463951
2.180817
-2.168425
1.307183
2.138973
0.3157773
-0.8045088
4.371207
-0.4349011
3.025104
-1.863614
2.562643
-0.3924775
1.395831
-0.2001292
-1.656212
-1.316288
0.5073718
-2.78037
5.458414
1.611263
1.187911
-0.6491884
3.314648
-0.6818266
-1.576275
-5.402559
0.4230257
-1.199335
2.726463
-1.479549
4.5015
1.207084
0.310479
1.833412
-0.209238
0.3844912
2.461271
2.918458
-0.3738963
0.466615
-1.819548
3.683991
2.421028
0.6716511
0.02312081
-2.618286
2.100395
-4.249588
0.6494517
3.240353
3.059808
5.659956
0.6325033
0.06095097
3.552364
2.861838
-1.870047
7.138197
-0.2163859
2.522233
-4.216582
-0.2171422
3.852932
-2.715844
-0.8973031
-2.589379
5.628024
1.890558
0.4688191
1.015161
0.6253085
2.335946
5.708927
2.51076
-0.1737741
1.132219
3.953048
-1.437685
-0.6387555
-2.233327
0.04427458
-0.378977
3.495019
-2.708628
0.2870128
-1.229626
2.325967
1.340601
0.1512485
0.3828457
1.316735
1.054608
-0.9823872
1.505183
0.3628797
-0.04637123
0.1576979
1.428574
-2.904471
-1.351844
-0.7797792
-4.799215
4.582203
0.6190247
0.5045222
2.295311
3.590957
-3.166151
3.318993
0.5040623
0.01757248
-2.613998
-1.686351
-0.6667752
-2.273448
-0.9252068
2.136227
0.3624917
3.517143
1.8449
-4.469343
2.380752
5.123351
2.805215
2.90498
-0.5202214
-4.759789
3.451885
2.589306
0.9006838
1.00669
0.7627257
-2.862368
1.212845
2.036476
1.364267
2.034666
-1.591881
1.378604
2.788436
-0.2480993
-1.291256
-1.946368
-0.2877978
-1.438117
1.978988
-3.549761
-1.729699
1.331379
3.675748
2.091804
-0.3476769
-2.770797
-4.767567
0.8565469
1.647971
6.598389
0.9225009
-0.1503965
0.9491834
2.504448
0.7722451
1.11985
2.384253
-2.390736
1.870401
1.481296
-1.491079
-0.09851824
1.254895
-1.250743
0.3640972
2.346259
0.5005769
-2.147574
-0.1874192
3.728261
-4.136507
1.18476
6.142533
3.104609
-1.343776
0.02053284
-0.3561763
1.816723
-2.070092
-4.279235
-3.862764
1.26368
-0.2261875
2.080095
1.30372
1.439834
2.999062
-0.8769018
-1.993349
3.052324
-2.324446
-1.091297
0.7770177
3.71213
1.691614
1.34579
0.007648165
2.447657
-0.3075994
-2.590795
1.05573
0.5981021
1.143907
2.12889
3.350959
6.448979
5.128425
1.875815
-0.9583708
0.7972511
0.1454176
1.280856
-7.593906
0.6671995
4.620451
2.503578
-1.372203
2.736848
0.8860596
3.184999
-0.3013198
0.1693865
-2.337819
3.556722
-2.450755
1.639681
2.094329
-3.675581
-0.870054
-3.29564
2.254924
-2.629117
0.04516589
-3.083512
-3.522365
-0.6008773
0.8452293
2.179514
-1.411754
1.556543
-0.3522174
0.1269122
1.982759
3.35621
-0.02467667
2.910667
-1.756278
-0.5162562
4.168437
1.107395
1.451717
-0.427218
0.1728815
-0.2541666
0.00610222
2.573961
1.950401
2.395274
-0.5231528
0.6970559
-3.595107
1.3483
-1.958255
1.630815
-1.856308
-1.061012
1.242923
1.225027
0.763
4.535247
-1.571535
1.915669
-1.028836
2.861293
1.820871
2.913553
1.837908
-2.192424
3.074691
1.967321
-2.016189
4.706115
1.562548
0.173153
-2.291525
-0.8364137
0.3726705
-2.420466
1.737094
5.121422
2.460855
-0.7711042
2.346935
4.514442
-1.086411
-2.964649
-2.222293
1.971763
0.6905955
-0.9419311
3.694049
0.6413484
0.7569023
3.061231
-0.1829226
1.929341
1.449322
1.034347
-0.7416137
3.335154
1.462339
0.2922978
0.9735704
-0.3361648
-2.731649
-0.6839185
-2.682795
2.584921
-0.2229142
-3.698594
2.033634
-0.6730125
3.861161
3.951099
-0.8602674
-2.808221
0.9212875
-0.8162112
4.450297
1.255952
-0.03196934
4.433623
3.4165
-2.62045
3.05738
1.071919
1.591132
2.780444
6.073489
-4.393359
-1.209676
-2.998488
0.1743944
2.658541
1.641566
2.737356
1.721589
7.047833
-0.171736
4.74798
2.539084
-1.385279
2.865198
2.622778
2.852703
-0.6109855
0.1462508
-1.159086
0.655488
4.171157
2.905865
2.745368
2.7701
0.2796163
3.250329
1.296283
0.70546
3.438326
2.441287
-1.484432
4.306819
0.2094392
1.657163
2.71784
-0.3776466
1.017628
0.4156061
-1.56177
-0.4553751
-0.4376728
0.5022809
0.2934776
1.813864
-0.2381039
2.378614
2.117765
-0.8354606
-1.278462
0.3426713
2.589047
0.7257015
0.598518
2.304635
2.799311
4.856011
-1.2552
0.494428
-0.7381399
-1.893706
-0.9448761
-0.177924
-0.4210503
-0.8316162
-1.148511
2.782752
-0.3238089
2.007177
2.873823
1.085675
-0.01182403
3.342289
1.069946
4.207899
-2.483867
0.7787913
-2.84176
0.2775459
1.058194
3.721274
-2.014801
0.6679406
0.9814362
-3.085515
-2.673008
1.357358
-2.856882
1.81339
2.919379
4.043963
5.636879
3.73495
-0.7661798
-1.45274
5.553411
-0.7440297
-2.331736
6.996788
3.881058
-1.16337
3.235496
2.352648
1.517459
0.350019
4.086029
2.280427
4.72456
-1.356286
2.157785
0.7528024
1.712114
-0.1696255
6.681464
4.076403
-0.775268
1.424243
4.198889
1.715125
-1.401489
1.087934
0.4802943
3.750111
7.166836
-4.439751
-2.085385
-0.7004416
-1.478171
-0.8478368
1.164641
0.6519703
-0.6043612
5.101455
-1.373614
1.796785
-0.3664563
1.22431
2.798181
-0.7831385
-1.039402
-2.014015
2.321313
-0.1516262
4.399684
2.097581
2.592586
-1.231083
0.8666618
4.087884
1.966991
1.455581
1.350637
0.9108986
1.832191
-2.044974
1.792437
0.3637033
1.946763
4.74756
4.926999
2.661441
2.604123
1.05499
-0.3997782
4.802519
4.12074
-3.365204
3.347336
-0.2158655
2.72561
-2.166416
2.446261
5.747984
-1.171544
-0.2681297
3.163306
3.773562
3.336846
0.1542192
-3.371777
0.922816
0.9055815
2.462705
0.8757171
-4.609193
2.350796
-4.044366
-4.50019
1.113847
-0.1358417
2.133043
-1.860305
4.163583
-1.39491
1.474035
0.3510228
-1.189818
-1.813247
-4.456915
-1.129322
0.9132269
-0.2410017
1.309363
0.7578037
3.525273
4.341038
-5.048673
0.02484095
-2.30172
-3.61804
-1.888104
3.97711
-1.345319
-0.2702057
-1.341823
-0.7638706
2.643023
1.906087
2.717313
1.938861
3.723764
-1.581321
-1.850445
-2.563533
5.461819
4.046032
1.45991
1.245912
1.343096
0.3144178
2.27135
1.018736
0.9812065
3.391905
-0.5396191
1.688221
-1.689863
-4.489871
2.101624
7.001184
3.300312
-0.3786899
-0.6611539
-1.446957
-1.860619
-2.518546
-1.379914
4.712016
-7.291229
-3.12937
4.579664
1.612316
1.685484
0.6662834
-0.03721626
2.705825
-2.647303
-0.2117325
-0.6549802
1.771548
-1.162471
0.3337048
-0.7768149
-0.169824
0.4757939
3.965918
1.025547
5.002049
0.01212736
2.328246
2.259822
0.8290831
-0.4139736
1.140303
-0.4492679
2.913992
0.5559948
2.891634
-5.029383
1.256874
-0.4973787
-1.665578
2.36701
-1.541503
1.966709
2.444269
-3.626463
2.693602
2.198219
1.271654
-0.1780026
-0.7338485
-0.7195459
-2.49918
-1.301131
2.095099
-0.9251822
0.632395
3.383723
0.2276784
0.6774821
-2.097212
-1.062615
-2.492095
-0.2334076
0.6700207
-2.711022
-1.107698
-0.9102268
1.285076
-0.5527006
-1.296763
-0.06011308
2.502915
0.5389431
1.919733
3.973188
5.306129
-3.006301
-1.586037
2.433948
0.9614487
2.712434
-4.475379
1.418552
1.308534
-3.723703
0.6904262
1.677148
-2.477349
2.409236
0.7654347
-0.6121843
-1.670445
-1.074106
2.065645
1.391183
1.188177
-3.454972
3.508642
-1.281355
-1.369951
2.70259
2.343896
6.78519
1.378711
-1.638271
4.212747
0.5781051
-1.461826
4.186789
1.96778
-1.199879
-3.143978
1.792551
0.1050662
-1.446852
-4.961881
-2.273058
0.3589445
-0.01337678
0.353203
-0.8287439
-2.073054
1.279257
1.532149
3.220567
-1.972082
-2.520913
1.370779
1.456745
1.260926
0.6823267
3.589217
-4.484207
4.596527
5.352233
3.608246
-1.98772
3.539282
3.595468
2.573747
-0.07234295
-0.2841148
2.9879
-1.954842
-2.682005
2.386339
-1.001021
2.252462
0.07133023
-0.8671275
3.289545
-2.008747
0.5252111
1.801764
-2.997389
2.070994
-1.563483
-2.71643
1.657826
-1.258331
-0.2865974
3.778639
0.4778418
-1.797698
1.462218
-4.06878
6.094718
0.5219829
2.697701
2.241062
-0.4751486
0.97648
-1.194448
0.5437446
0.6788996
0.01977244
-0.4384379
3.67774
-0.567522
0.5471465
-0.1050048
2.128456
1.457111
-0.1958607
2.150877
1.441228
1.17296
3.586395
1.826132
1.480572
2.905675
-1.853296
-0.6894845
-0.7070853
1.616488
1.469583
2.443729
3.149128
-0.9394592
2.849488
1.975098
-0.8709962
-0.0219935
-1.573973
2.098864
0.9101048
5.167362
1.23408
-1.995827
2.886498
1.531242
-4.161783
0.8225722
-3.671151
2.293884
1.705846
-0.3025567
0.7530957
4.418945
4.178032
1.77196
0.119934
-4.195305
2.42404
4.130894
-0.8976564
3.210482
-1.9344
2.033615
0.7806421
-4.269693
-3.742108
-4.020869
-1.018867
1.885496
3.344734
-0.7795302
3.19589
1.039992
1.000154
1.31481
0.1845833
1.002832
1.714836
-0.8642934
2.330037
0.3876864
0.8082876
-1.792188
0.404951
1.086622
-1.459022
0.7074043
3.201376
0.9779451
1.642452
-1.260594
-0.4630203
-0.836919
1.378187
1.615139
0.1467165
-1.918054
-0.1534806
0.2180634
2.018137
1.347607
-2.211196
1.243794
-0.4951555
-4.268355
-0.006888669
4.318012
-0.88505
-1.484132
2.449835
0.960176
-1.237127
-0.02242625
1.350958
-1.013354
-0.6319516
0.3591987
-3.626032
3.8342
2.247744
-0.03667991
3.174291
0.7870362
1.109333
2.602674
3.309272
3.502502
3.362361
-2.975441
-1.137812
-3.228617
5.477462
-0.9285326
-2.843712
3.753186
1.200187
-0.6725444
-2.084025
4.223955
-0.2235693
-4.359493
-0.5104219
1.945771
0.316985
1.622594
-0.08089698
4.527616
-1.393404
1.979482
-2.472342
0.9069922
-1.27841
2.176251
-3.34848
3.443509
3.271958
-1.752247
3.768591
3.308878
-1.418002
0.239604
2.220935
-1.379108
2.211342
-0.5334241
1.863152
-0.3630235
-0.3079632
2.952949
3.046348
1.645651
4.748245
0.4048237
0.9061384
-3.133445
2.746664
3.403447
0.6478724
4.508935
-3.240662
2.476912
0.6115399
0.7949821
-0.5935074
2.807945
0.4238556
-2.158415
-1.020821
-0.6905847
0.6232692
-1.878805
2.389124
2.440846
-2.570637
1.226356
-4.418791
-1.912343
3.032201
2.33531
-0.133109
-2.044598
3.753998
6.033423
-0.8850829
-0.363562
2.307028
-0.5659049
-0.2545379
-2.372061
-0.6163944
0.8824993
-0.3487716
-0.1277553
2.76793
1.154838
2.805643
1.018622
-0.618309
5.111474
2.100947
3.03611
1.268125
-3.713135
2.948059
-0.8370968
-1.650252
2.627891
5.493557
0.1858704
-0.1647155
1.004921
5.662781
2.711117
1.327562
-0.7026785
-1.32625
-0.9447125
2.80666
0.5816862
-1.715365
-0.4517895
2.381522
-0.6268945
0.03946972
0.6463995
-0.5788538
0.04722124
2.627054
-3.6776
2.622304
2.695268
-2.410812
3.547753
-0.5725045
-0.1144798
0.9862495
-1.39329
-1.657928
0.09819106
-1.695799
2.993787
-1.639502
2.794936
0.3485829
-4.366365
0.7418938
2.665584
-0.4218965
1.432064
2.604761
2.771453
-1.2364
0.2258195
1.1792
-1.572643
-0.5816876
2.90661
0.2719952
1.036542
1.750586
2.644012
-0.7925258
8.196887
-0.03072933
-3.968477
0.2928829
1.590639
2.095413
-2.339663
0.2161537
-6.689435
-1.189865
1.284842
1.505617
1.798736
5.869297
-0.4520316
-2.222591
1.366157
-3.284514
-0.3968982
1.240705
-4.763284
-0.410359
3.083808
-1.239205
2.680362
-1.76826
2.561911
-1.631271
-1.3634
0.5090152
-2.237753
-3.935612
0.0802998
2.790548
3.686207
0.6440379
-0.0207466
1.183704
-0.1800648
-1.715216
2.218638
1.31077
0.637968
-0.1003124
-0.5028253
-2.44236
-2.847654
-1.305801
6.599654
1.540484
-2.403612
2.217371
1.126446
2.84483
1.09405
0.3611358
3.577682
-0.7064693
-1.459499
1.422258
3.257475
-0.7669407
-0.8277513
-0.8387892
-1.913514
2.178511
4.731596
0.06058111
-0.9365326
0.9021505
5.336482
-0.2635959
4.978278
3.401758
0.1696685
-0.1249275
0.9700231
1.218931
-5.102805
0.4057889
-0.08463773
1.249861
5.705056
4.606377
-2.729344
-1.449753
5.293264
3.968286
2.986401
-1.035643
-0.5551057
-0.5789734
-1.593363
1.27304
-0.0542451
1.303683
3.227647
-0.2955233
-0.8205061
-0.7803709
-1.707982
2.218381
-1.361944
1.403898
-1.283273
2.83976
2.673292
1.817269
0.7342842
-0.3753695
1.006428
-1.025839
6.68645
4.071987
1.842561
-0.617822
1.457867
3.789788
-3.407117
-0.9278183
-2.589846
4.039719
0.574126
-1.236916
-3.899852
0.1633642
1.244236
-0.01775726
2.877258
-0.658859
2.399741
-1.391982
1.12782
1.63593
1.296009
-3.903804
-0.2838874
4.837453
0.6611122
2.204432
-0.1367786
3.578655
3.063591
-4.836108
1.866705
2.093328
3.466854
-2.407429
1.019188
3.254866
1.530506
-0.1049161
-1.062975
-0.1253658
4.100562
-3.647055
-1.585939
1.577354
2.9467
3.545838
0.3064696
-2.271098
5.530032
-0.1844768
1.077069
-0.9631318
2.991139
-3.876935
-2.799375
0.6785888
-1.314359
2.318976
0.512116
3.294178
1.725566
1.888248
3.708102
-1.009105
-3.761733
3.631866
-0.8378937
7.069615
-1.81953
3.905162
-0.1490443
1.337886
3.897145
2.843643
-2.945585
1.511841
2.717213
0.4090735
2.024149
0.9904341
1.454355
2.147166
2.869095
-2.834525
0.4984692
0.7145512
3.146718
3.699727
1.670565
4.137351
-0.05697293
3.2741
-0.4990166
1.518943
-3.148289
-0.09734384
2.366823
3.176608
5.576395
1.871987
0.4544023
-2.970549
0.5858334
0.1329713
-3.922728
-1.008949
2.049847
2.88629
-4.88764
0.10265
-1.814695
2.870563
1.27537
-3.144044
-0.2889602
1.827809
5.374154
-1.949876
0.6944072
2.510076
3.515183
-0.6715427
6.591791
6.258963
3.944302
1.955415
-1.727801
-1.79148
5.055757
-0.7463488
0.2369346
1.775996
-0.4567885
0.4510594
1.327846
-1.410273
3.585765
1.734771
0.2569029
4.338871
1.101929
3.786314
4.878009
2.459604
2.237119
3.094054
1.872907
2.052613
0.05828934
0.2539306
-4.390096
4.605032
-3.134055
6.108861
0.4374718
1.555356
0.9852406
3.312033
0.8305417
4.802618
4.120792
-1.323164
4.042036
0.1319435
2.859401
-2.641081
3.09628
-0.3292058
0.6581005
2.434384
0.9407489
-0.03116507
-3.729007
2.023385
-1.054115
2.127574
1.220176
-0.2652527
1.406768
3.181207
1.523575
0.3618936
-2.633629
-0.4448924
2.162939
1.107719
1.284916
2.712031
3.536696
3.609402
2.7454
3.296577
6.364581
3.534331
1.006278
2.212376
3.094364
-1.628164
2.724573
1.088445
-1.738315
-1.337916
2.464661
4.251767
0.4268958
0.3870682
1.600587
-1.21131
3.41174
0.2784529
0.3175937
6.210833
-0.6601833
3.182399
-1.469099
-1.915086
0.8484629
-0.1435658
1.384885
0.1131773
1.567726
-3.548936
0.4864062
5.097529
2.534695
-0.2127972
1.202208
2.238304
-1.563092
-3.038653
-1.444523
3.127901
2.536198
1.17376
-1.973907
-1.581395
0.06086266
-4.709227
-4.186611
1.17444
0.3480126
-1.978388
-1.052883
0.3763014
-0.9167774
0.8308373
-0.5773405
-1.042925
-0.1841056
1.069628
3.804745
0.3004691
1.371475
-1.227812
0.4045595
-1.61522
2.377131
-0.9121786
0.975548
-1.716051
-2.152279
4.965834
-3.795495
2.813391
-3.060894
-1.564065
0.5855641
-0.5012273
3.437231
-1.10838
-1.604744
-1.914732
-3.284916
-0.4567341
-0.1285644
2.978287
-1.859833
-1.861309
0.1735466
0.7682313
-2.614734
3.600752
2.013378
0.00845527
-0.7854359
1.991641
0.7372116
-0.8614963
-0.2259614
-1.486215
2.11839
1.500732
0.7128871
3.121628
0.6389442
3.382939
2.674895
3.539064
0.6860917
7.562943
-1.037136
1.35613
0.9620579
0.1259927
-0.9472033
-0.7435119
-0.06507131
2.690873
-1.119487
0.5089088
1.31406
2.567605
1.617211
1.021733
2.748807
0.248265
0.4608755
-3.604522
-0.4052096
-0.2324131
-4.153953
2.661778
1.305981
2.721062
2.271652
0.8590723
1.232895
4.366487
-3.074954
-2.490629
-1.013532
-0.3318144
1.942956
-1.980934
4.376105
-0.1741851
2.84811
-0.8971552
3.895167
-0.5012532
4.47878
-1.410483
3.440929
-2.541768
-2.415644
-2.836601
-3.031761
-4.578825
0.3051965
1.690145
2.196655
-0.5456079
-3.998478
0.745677
2.192315
-0.6880954
2.863393
0.6704854
0.9666774
-1.314301
4.11964
-2.437486
-2.250538
1.351413
0.8227392
2.226294
-2.536738
-1.73065
-1.27101
-1.33239
2.134283
-0.3082133
-0.9302461
-2.421396
0.09399238
1.048517
5.229491
0.397513
-0.4100481
3.730431
4.793385
-1.175195
2.472457
-0.07948781
4.032511
-1.424718
-0.9503563
0.7319808
2.5653
1.338039
-0.1952911
-2.214656
-0.4976607
-1.801168
3.460604
-0.2497068
0.0991719
1.109547
3.049126
3.66203
-1.555842
-0.5332659
2.683281
-0.4447627
-3.942448
-1.252003
1.785392
6.424709
1.625734
-1.462443
-0.2684886
4.576911
-1.435725
2.638107
0.343046
4.189281
2.444812
-0.5796178
-0.696455
2.850267
-2.04938
-0.2298377
-2.174209
2.984424
4.704069
0.02466953
-2.509151
0.9887346
2.591538
3.5538
-3.402522
-7.284185
1.644069
0.477388
1.863599
1.849663
3.06246
3.340087
-2.904317
-1.442031
0.3239211
2.77438
-0.2240292
1.991934
-0.1913885
-0.6684165
2.096916
-0.9827384
-2.552881
2.444242
-0.6736336
4.050094
-0.08063519
1.974779
4.110609
2.047401
2.224403
-3.393103
-0.730071
3.322466
1.118372
-2.643075
0.09461075
-2.472918
-3.718446
-2.409773
-1.868938
0.792906
0.4874332
-0.533612
1.233158
-1.133409
2.194584
-0.7700387
6.122913
1.526273
1.042965
0.6731062
-4.739626
1.499905
0.1834745
4.773903
4.099659
2.215214
1.352747
-4.178168
1.155769
1.622844
0.04823158
1.887181
5.84869
-6.551301
1.01048
0.8150049
0.5047449
0.2237816
1.405939
3.959369
1.582237
-2.310973
5.221675
-0.537391
5.916203
3.483513
1.863969
2.187099
2.735611
-4.220767
2.758507
0.2286061
1.26882
-1.360972
1.636359
-0.01076059
-0.5842557
-3.395522
3.103275
2.250738
0.06965723
2.402224
0.1808496
-3.159578
1.520294
2.609626
2.714476
2.813349
3.282042
1.051957
-0.3933984
1.851403
1.398933
0.6636526
1.920038
1.461453
1.665244
4.858132
5.149477
2.204011
-0.6692094
0.4390181
-0.6711011
-0.3627725
0.2289742
0.3932803
2.186975
-2.78503
-0.7494024
2.894284
2.370109
4.946334
5.975984
-3.640581
0.1601097
-1.715885
3.056139
-1.738338
0.6141612
2.102624
5.305609
1.184558
2.230633
0.228303
-1.595838
1.199813
6.58114
-1.80893
0.1352201
1.54864
2.709836
-2.988758
-0.1438498
2.658425
2.023811
0.3898455
0.9665852
-0.6378355
1.153995
4.59885
-6.826322
3.49408
-0.9930337
1.923381
2.024304
1.169397
1.630949
-0.2458145
4.046014
1.367614
7.848916
1.636091
-2.501125
3.011312
4.424478
2.526069
2.108345
1.585119
-3.106227
0.9728427
1.031713
3.187346
1.233193
-3.355393
3.105264
1.743071
-5.335417
-1.147585
2.556373
4.089761
-1.990846
-1.708177
1.304125
1.651517
-1.361995
0.466295
-0.007874516
-2.875999
-0.5279337
0.2088609
0.5526399
3.041501
8.106641
-2.827707
-0.5697776
-0.8194732
-0.6779823
4.350739
-0.9321727
3.802031
0.9779636
-0.4921662
-0.1026116
-1.695041
1.392087
-5.843995
2.294103
-1.10065
3.25113
-2.637515
-1.572615
2.098102
3.212995
-0.4843005
0.9543029
-1.021615
0.2244449
-1.052703
3.076365
1.770963
-2.198068
2.620694
-2.902845
-1.608649
-1.095169
-1.900341
1.004592
1.05125
-0.04708927
-2.2654
3.175701
-2.015674
1.233603
1.681883
0.153391
1.295714
1.628441
2.61787
0.365178
-2.103011
-3.860059
-1.079522
1.597096
1.441414
5.64646
2.247028
2.804657
1.19582
-2.245981
-2.907351
2.630139
1.428772
2.372192
4.496999
0.9190876
3.391014
-1.95488
-3.629515
1.652476
-4.48317
0.1848027
2.135186
4.726224
3.206157
2.900647
0.3111022
2.878001
0.9953447
2.064974
2.260236
1.142801
0.2740764
0.1095923
2.308489
-1.266913
1.817498
-1.712093
0.3389183
-2.573126
0.5658363
2.965971
0.3963147
8.375856
2.040362
4.003868
1.459356
4.037304
0.2324435
-0.5722292
-2.407264
0.7565848
1.417463
2.563949
2.6383
2.705102
3.183403
-1.405995
-1.134255
2.667006
0.21912
-0.7142376
2.048734
-1.902608
0.687029
0.4377859
2.770655
2.384373
-1.975188
-2.378542
6.157869
-1.672241
-0.994247
1.980078
-0.2029665
2.142935
1.959028
2.563156
0.3651501
-3.918626
0.5085412
-0.4264556
0.6179447
-0.1494064
0.7939127
5.186458
-3.041426
4.24941
3.660787
1.745264
2.844743
2.729325
-1.986753
1.309214
2.686249
2.056085
0.04257951
1.307823
-1.841282
-0.4007962
2.704781
1.116891
-2.815479
2.00464
0.9094927
-0.4805172
2.081731
4.266911
-1.29056
1.510733
-0.2683606
-0.3576529
-0.201069
-1.222686
2.079558
-2.257323
0.3875729
-2.084458
1.09674
3.677495
4.618239
-1.548481
1.2532
1.917951
-0.1075911
-2.223927
2.09441
-1.655225
-1.520402
-0.1867738
-0.6991898
-0.8204284
1.359953
-0.1085041
1.708913
-1.432029
3.881807
-1.104553
2.322944
3.160498
1.471429
-0.8715593
-2.029202
0.8358229
-2.476773
-0.6419094
-1.294368
-0.9286545
2.195375
-3.064074
-4.748136
-0.2646802
2.621921
0.7617153
3.627411
-0.06247604
-3.513718
1.814634
0.1075925
-0.04672287
-0.1271909
-0.614835
0.6499225
3.538771
2.027867
-0.1732708
2.165647
0.7986924
1.936569
2.447747
-0.189675
-1.671468
2.050493
6.277957
1.654967
0.636492
-0.4069625
2.703835
3.042128
2.447448
4.890013
-1.239654
1.297918
3.036811
1.433397
0.07494204
0.6838858
-0.6832913
-0.3686887
-0.9991518
-3.160195
4.772574
1.629396
3.138189
-1.352923
-1.551223
-0.6066465
-1.369796
2.006527
1.242399
-1.011589
0.03979206
0.6873808
3.99036
0.8942024
1.227101
3.799144
1.958799
0.6647814
-0.2143847
4.257746
-1.75077
3.477997
-1.257273
-4.160283
0.4573741
-2.257773
1.59408
4.156168
0.3867964
1.794501
6.604507
-0.2110986
-0.6780303
3.175077
0.3678683
-2.314745
3.929761
3.634855
-0.2060195
0.9263745
3.887095
2.543581
-1.469808
4.825096
-0.8463594
-2.73653
0.5702363
-1.876178
0.9358164
-1.259541
-0.1543637
1.239039
1.793031
2.531918
-0.8529019
2.057884
0.8010769
-3.970745
-0.8469922
-2.898258
0.02895687
-2.613757
4.692341
2.674367
1.327083
1.159032
-4.522235
0.3104599
1.418263
-3.749602
-0.2921681
1.611509
1.107789
2.392758
4.60316
6.557988
0.9392381
-1.271001
0.9473677
7.994295
0.418927
1.458945
-1.78825
1.065874
-1.478331
0.8906219
0.9248755
-1.517632
-2.571361
-2.186494
-0.9092384
3.56112
3.303361
6.957366
-2.178628
1.592602
0.2587097
-0.5012259
3.292898
1.164186
2.610377
0.2181354
3.481493
1.74174
0.1030322
-0.007358488
1.356567
1.902032
-3.22576
2.453088
-0.2243437
4.0766
2.016779
-1.029326
1.736315
1.23339
4.674589
0.7855902
-1.272974
1.323243
2.739873
0.05744367
0.7739149
1.89859
1.229398
2.748407
3.826529
-1.103556
-0.5935976
2.309899
-3.605326
2.605326
4.234869
-1.398367
-0.3037352
-6.37611
-1.028863
-3.03074
1.520366
2.451556
3.524622
-4.265586
0.157597
1.747862
2.608331
4.062005
1.196595
4.039902
2.870302
-0.1322514
2.777762
-1.580716
1.260033
0.1610847
3.934419
-0.5682372
2.404672
0.2610712
-0.7356666
-1.243624
2.373878
-2.361932
-3.715243
2.70408
3.33273
0.3324621
-2.136812
1.452965
2.412914
-3.947966
-2.218877
3.685009
-2.222228
6.405683
-2.013584
2.295048
2.944939
-0.5978053
-2.441283
-0.8350537
3.352812
2.50872
2.242014
1.243676
1.470464
-0.4205492
2.535023
-5.269027
3.77674
0.2398499
-0.7397757
0.1005931
-1.036864
0.2923016
4.188799
5.973723
-1.029024
7.043188
2.807883
-0.03318552
1.810699
4.953124
3.141221
-2.060495
1.033263
2.922172
0.557187
4.293752
-0.6960207
0.6345134
-0.5798964
2.065689
7.03545
2.317931
2.616623
-1.255298
2.501257
-0.2261816
-3.27096
1.703047
0.6608314
2.797695
-1.400316
0.085077
-0.2225194
3.393377
-1.220329
-1.84027
1.683593
5.919472
-1.636444
1.076512
-1.21203
3.103633
-2.429251
1.451789
3.627973
2.938378
-1.823704
4.722562
-0.2004232
2.486424
-2.082347
3.105718
4.729924
2.059744
-4.659665
-0.01556112
2.943451
0.6049291
1.820057
1.803703
-2.205536
0.3189835
-0.5889004
0.9671398
-1.161517
-3.395516
-1.348183
1.889831
-3.123987
2.128672
-0.1429776
3.088658
0.2732198
-2.387374
0.5617958
3.327896
2.242808
-4.157137
0.7556212
-0.8866464
-2.237166
0.91645
0.9014967
-1.754296
-2.324977
-1.986588
-3.938098
2.154478
2.432161
-1.380145
3.309667
1.875199
6.465708
-1.470554
-6.700394
1.165705
-1.803115
-0.4215944
1.804298
2.107106
-2.346423
-2.892122
-1.035329
-0.9567611
3.673577
2.756451
0.6794344
5.696314
-4.406645
0.5261179
1.999732
-3.192902
1.870175
4.919812
-1.255601
-3.239898
1.025675
5.257659
5.078343
-0.4109543
-3.957368
4.096332
5.992743
-0.5621347
-0.7030231
-2.384549
-3.230645
1.581808
0.5131013
-1.041332
0.008520211
5.214565
-0.8021248
-0.9189389
-0.6809319
3.070127
6.838225
2.563152
4.988713
-1.783745
1.592782
0.01041659
1.247705
1.523066
-2.949318
4.479598
2.004489
4.342692
-0.07447641
-2.811866
2.526185
4.065683
1.049221
1.57995
-0.780829
3.269008
-0.8550909
0.9969951
1.77958
3.595693
6.265672
2.634874
-0.6487851
3.559217
0.1446697
-2.555726
3.846091
-1.460301
0.9157244
4.412809
1.336422
-1.282156
0.9627742
2.090417
-1.214841
1.030045
2.259141
-1.212594
4.490469
0.2777157
-4.536908
-3.366967
-2.683353
-0.3214814
1.161663
0.7049312
5.072911
2.098262
-1.209509
-1.621343
1.581405
2.817671
2.976821
3.223356
0.9596235
-0.9518218
4.476794
-0.7849273
2.125938
-3.155467
-0.9223961
-1.737236
-1.453885
4.528192
-0.5848555
2.17387
-2.421471
4.262453
-4.796062
0.963698
4.078174
0.994415
-0.5575809
-3.013704
2.207666
-2.63388
-3.045172
2.495622
-2.462426
4.100223
1.315297
-0.7088919
0.4016214
1.249319
0.3640051
-1.622262
0.08331641
1.907686
4.123008
4.139928
2.803991
-3.160251
-0.7083132
2.987236
2.848778
-0.5686566
-4.078516
1.853417
1.82567
1.859058
-1.97489
0.2245097
-1.02642
-3.368679
2.204158
2.484838
4.036443
-0.3370304
4.427346
-4.077422
-0.8413398
-0.5082436
-1.165385
1.1955
-0.638172
2.208439
0.5324563
1.675059
-1.169106
2.289349
4.867629
2.105687
0.04854051
-0.578353
-0.1589408
1.465189
0.6688509
-3.270966
-1.535392
3.156265
-1.394945
1.469414
-4.163471
-2.249907
-1.757087
3.713588
3.263389
4.117311
2.125323
-0.7098426
0.3582222
3.558072
-4.041459
-2.590792
1.291707
-1.084329
0.7720852
-0.1435128
1.391229
3.18255
0.8795832
2.129759
5.425248
2.964493
1.125211
1.391609
-0.4676223
-1.1242
0.1315482
1.321561
0.6130074
1.390463
1.426128
0.5087554
-0.0289207
1.429441
-3.103216
0.9126292
-1.897099
0.6146977
0.2517588
1.654919
1.754005
2.497488
-2.338152
2.92681
-3.85254
3.22796
-4.497085
-2.780659
1.742377
1.592781
0.4774429
-0.107879
-1.793097
-0.3597619
0.3070497
1.139739
6.158374
2.275044
2.851616
-0.9721195
0.818307
-1.41903
-0.8461784
2.685765
0.2598423
3.162841
2.088215
1.368848
4.046609
1.461998
4.541248
3.213983
0.07499424
1.100092
-1.742434
3.220112
-0.06556882
-0.988234
0.002655181
-2.179799
-2.767026
3.772045
-2.757264
3.037549
2.277364
3.769252
-0.3547368
1.701876
1.522093
-2.546999
-2.73361
0.424693
0.9605533
-1.683912
4.255382
-0.8579253
2.335298
2.701864
2.963049
1.111351
-3.515665
-0.913457
-4.705181
2.689066
2.549466
5.479264
1.531235
0.2294435
-2.598952
3.538901
-1.964842
1.398933
2.104431
1.070913
-1.989091
0.2861612
2.96307
-0.842323
0.6033059
4.545455
-2.711351
1.59634
-3.717418
1.406049
0.251875
-0.0780804
-0.2176011
-2.745584
-1.552505
-0.9415941
3.294516
2.297734
0.9155491
0.4537298
0.03953304
-1.963248
0.378586
2.60197
-2.436824
-1.538723
-1.289449
4.119197
-0.2597499
-2.28887
-2.146603
2.383616
3.168264
3.305714
-2.630398
3.525717
-1.354932
0.6091855
3.193501
2.708306
-1.296984
-0.9931496
1.1951
1.221616
3.204085
1.651454
2.948192
3.194538
0.1360147
2.801705
1.077148
2.24952
2.211516
1.646443
-2.139545
3.747901
0.1458047
5.973705
-1.274206
3.407909
2.660928
-3.070968
1.670422
-2.885552
0.5903008
2.558494
0.4374144
3.255617
3.345068
6.811231
0.2206765
-0.392871
-3.473404
0.1672943
1.868314
1.303349
2.65214
3.719146
0.5213159
-3.017594
3.065595
-0.1876215
0.168537
-0.01332629
-0.4554584
2.264657
2.507997
0.01278141
-2.368099
3.847836
-0.8460939
-2.149112
-0.003563412
1.730415
-0.5264241
-2.707101
1.070308
-4.022229
3.973677
2.267522
4.512184
0.5706448
4.098807
-2.999072
-0.3831175
1.153192
-0.3638739
0.2283781
-0.8983183
1.422216
1.291982
2.465875
2.779268
-1.55819
-0.2726599
4.739036
-1.629395
-1.928595
1.542061
4.592498
2.694265
-4.559266
3.495068
0.6623841
3.235695
-3.956483
0.04150119
0.6480813
0.07822711
-0.4123517
-4.39402
3.092114
-0.7066319
-0.07471892
1.415256
2.98022
4.680964
-1.973468
2.480962
0.4496058
-3.90354
5.840403
1.335463
-0.3521201
-0.8207412
3.814634
-1.578553
4.931181
-0.1482813
-3.760994
-1.896389
1.235641
0.6433881
-2.311593
1.384626
-1.804568
4.00175
0.643088
3.661925
-1.903868
-2.652662
1.846218
1.040733
1.074596
5.132857
0.2394412
2.466183
2.395926
-1.792077
0.6168749
6.533919
-1.828729
0.3462946
-1.371023
0.007903522
0.3455115
-2.588481
1.201233
5.869584
-0.3873246
-2.463101
-2.273574
-0.6706068
-4.036076
2.296534
0.2546284
-3.357304
-3.038567
1.539826
2.929119
4.958245
1.499783
0.07621705
-0.04521102
-3.283292
1.734802
3.633251
3.457016
1.401664
4.49291
-0.1789204
1.807956
-1.434873
2.914113
3.807713
-2.190589
3.364793
-1.263176
2.92943
0.2251264
-0.1793247
-0.3558436
4.201841
0.4465684
-1.728662
-1.604033
-2.771017
-2.234908
0.5631795
-2.969256
-0.2117707
0.1224451
2.229209
-0.8228529
-0.3252271
1.425279
3.976196
2.96423
5.398512
-0.6741286
1.271358
-1.922391
1.691056
0.9117593
-0.3998457
0.6673171
2.606015
5.384273
0.03778191
0.9255644
-0.8424251
0.7802866
2.827581
-1.228041
3.165359
1.731213
1.095228
1.530243
3.657447
-0.1000571
0.1795629
-0.3655158
-0.2607291
2.584526
-4.806559
-0.2563098
-0.120539
-2.060927
-1.012031
1.78481
3.15916
0.3574792
-1.246499
-1.077975
1.913483
2.5019
-4.763659
1.652483
1.134219
1.823063
0.5335881
-1.250685
1.852237
-1.353305
1.121037
-3.832866
2.309703
4.287251
-1.104294
0.7481002
-0.7734698
1.770243
2.5841
3.580666
1.014443
3.472074
3.249618
0.1330631
-2.677037
4.608335
-0.8840625
-1.193083
1.356305
1.960187
-5.109994
1.129232
-3.357473
1.099163
1.807351
1.322794
0.8855733
0.7884147
2.113998
-4.215402
-4.375439
-0.7865541
4.615937
1.177396
-5.324648
-1.511903
-3.046461
2.913228
1.474047
2.905724
2.056821
6.253612
0.4916863
-1.08188
-0.9220557
-0.871689
4.392272
3.955697
2.079273
-1.171688
-2.446828
-0.9890093
-0.8103959
0.2939974
0.4662357
4.684253
0.3536606
0.1140766
-0.6982348
1.734909
2.035154
4.331339
1.955669
1.289625
5.02356
-1.69639
-2.088124
-1.822979
3.501892
1.292148
-3.059231
1.017677
1.656254
-3.493184
2.450783
-4.401409
-0.3260885
-3.082532
-1.071336
2.149262
3.499614
0.008702608
3.455864
-0.8088011
2.113179
1.273404
-3.370512
0.2835797
1.487301
-0.1315072
4.519436
-0.6256862
-1.205116
1.551502
-2.198412
4.881801
1.485712
1.74835
3.133041
-1.742266
2.027887
0.2569012
3.79686
0.9158175
2.274859
-2.363485
-2.133954
-1.24434
-1.349272
2.980162
1.810725
2.14682
0.7507667
-2.620355
1.981973
2.601296
1.421215
-2.168515
0.6194649
3.588165
2.01075
2.017364
-1.170084
2.055586
0.8735428
0.6668731
1.813484
3.11311
0.6381359
1.76868
-1.99404
1.431937
-1.209333
-0.7863995
-1.644513
-1.716294
2.300809
-2.773497
1.314839
4.443027
1.539471
-0.6468384
1.216656
-1.577108
-0.5679696
1.197642
1.049782
5.84203
-0.8152694
-2.939118
5.151743
-1.061766
4.562199
-0.8126979
-4.622918
0.5453547
-1.294755
0.2874613
1.692512
0.35275
-0.4177582
-1.802175
3.772784
1.02307
0.5471197
2.868439
-1.054563
3.263011
-0.5945967
0.1089412
-2.483701
-2.589697
-1.040682
1.372654
2.640801
6.292498
2.312019
0.4187995
-1.001672
-3.055342
-4.025915
1.322323
-2.875117
-1.557484
3.622968
-0.1920483
-0.8177164
-1.865187
1.320066
2.783946
-0.5480371
3.236606
2.588852
-3.492534
0.3869577
0.3341558
2.870669
1.174069
4.766568
1.237887
0.1684896
4.6425
4.800474
-0.6801003
0.4474408
-0.3273602
0.2684454
-0.463979
-2.151342
2.26502
-0.2526704
0.7585953
-3.817158
-0.7936686
2.725128
3.332559
3.07484
-0.1354186
4.056028
4.786867
5.235499
5.086379
-1.684716
-1.185151
-1.248099
4.378287
1.139287
4.862922
-1.993049
0.8810421
0.6748492
5.49749
2.137508
0.3348987
3.369111
-2.938806
5.906462
0.7046029
2.498712
1.133815
-3.887102
0.2192868
0.9433195
-0.2592715
0.06982041
2.501062
-0.828475
-1.802993
1.774812
0.600487
1.904279
-3.572967
-5.641962
3.017751
6.9673
0.762956
-3.208424
4.478693
1.039066
1.479213
-1.09969
1.796901
3.107782
-4.946906
-2.073568
1.928157
1.668527
-0.675679
0.4595809
0.6808897
0.4373461
2.787982
2.494493
2.956204
3.120739
1.371098
1.500958
-2.325501
0.8309916
2.863013
1.082343
-0.5851744
5.323749
3.704724
1.414946
1.066232
3.461645
1.105429
0.9680743
0.4213178
-0.2316126
-2.899548
1.069628
-1.42796
1.651399
4.168069
0.8242021
0.5406686
0.3733298
1.603478
2.581865
1.331473
1.243153
2.330352
-0.1178491
3.091629
3.571308
3.397028
-3.650411
-1.812365
1.789289
4.991282
-3.328706
1.783366
0.3871256
4.390751
1.750959
5.735687
-0.1253319
2.919846
0.7920942
0.5928416
2.349655
0.6724225
1.993924
1.952606
-0.06494278
1.450552
1.701109
-1.933742
-2.719566
-4.746066
-3.827713
-2.468721
1.051492
1.528664
0.1092571
5.782473
2.834953
-2.877855
1.414667
-0.1227143
1.607426
-3.164639
2.716059
3.718009
2.405944
0.1621278
1.337953
0.6699135
-2.594618
0.8459214
-4.78412
-2.349855
-0.2323576
-1.484225
4.777532
3.68555
-1.046895
-0.6316377
1.134023
3.891299
1.673725
-3.016395
-0.01325941
-0.9404299
5.151477
2.935223
2.944895
-0.4332664
-1.469694
0.1455336
-0.4693301
2.527083
1.996467
3.477815
2.697904
1.512104
0.3582768
0.3113674
-0.5993506
-5.019925
1.813352
-1.345472
3.78003
-6.62013
-1.546377
3.470495
1.7764
-0.1151861
-1.424816
-2.625287
-2.232106
-0.02427
1.516036
3.011867
0.04432228
-1.109731
-0.7344606
-1.101685
-0.9028936
-0.8069495
-1.683656
1.758891
2.13025
3.062257
2.139266
3.016631
-2.136088
2.662994
4.481923
0.8202918
3.042636
2.336423
-0.325983
-4.944419
3.317208
0.6397439
3.367035
-0.3757787
-5.574791
4.783886
1.440098
1.808216
0.3370382
-1.840681
-2.721066
-0.5645034
0.5710751
4.150604
4.138227
4.786079
2.340139
-3.080467
1.415033
2.333705
1.144957
-0.3661826
2.273978
1.521739
2.217932
-0.7456264
-1.76887
1.409936
-0.1333304
2.053045
1.330454
-4.01115
2.106101
1.376035
0.4742827
1.858413
3.260644
2.412891
2.059066
-0.6930553
3.257795
3.457805
-2.87706
-0.6978944
1.657785
-1.923858
-1.00853
0.5107636
3.388815
-0.816947
-3.00529
-0.2058455
-0.7365287
1.998531
-4.036638
-0.7817568
1.971508
-0.67713
-1.891787
4.210252
3.422007
1.82638
-1.568367
4.060386
-0.002946754
-0.4221185
1.198176
0.7585315
-1.863756
0.5201827
-0.04388267
-1.235903
0.7463658
1.141715
-3.217726
-0.262501
1.669979
-4.189525
0.9693588
1.073886
-0.4976506
1.96342
-1.731376
1.659332
1.411294
-3.871501
0.8795651
-0.05797138
0.6539094
3.129481
0.2807805
-0.3256432
4.893631
3.43972
-0.4743668
3.245567
3.611674
2.915943
-6.064895
-1.352386
-5.216407
-1.836257
5.195863
-0.372862
3.603137
-0.3956987
3.115059
1.878796
0.6665663
-0.3239246
1.045504
0.6512915
2.909426
-2.671022
3.174938
5.303862
0.7073683
-0.03998024
3.66272
4.17344
-0.3505957
0.3223438
1.252155
1.239126
-1.362753
1.675787
-4.671425
-2.960608
1.180692
-4.468217
0.6217184
0.494451
-2.428892
-0.8022638
1.904136
-2.226425
1.537076
-1.589247
-1.114471
4.05009
-2.279559
0.1456909
0.8028346
3.25781
-1.977212
3.573508
-2.065462
-2.136969
-1.056151
-0.004600327
-3.126861
-2.073338
0.6469732
-1.734108
2.913564
-2.876168
0.2987553
-1.349133
5.884048
-1.426427
2.284662
-4.230158
0.6515812
-1.497591
3.675027
4.9678
6.749013
4.681462
1.780228
1.637369
0.5372771
0.6163295
4.023417
-1.565554
-3.534536
-3.039604
1.64552
2.29232
0.6415744
-2.432066
-0.2741444
-1.233164
4.091345
-1.479499
-3.415374
1.844358
2.01117
-1.399
-3.4593
2.925165
0.6040162
-1.065639
1.343573
0.1323569
4.154087
0.1405771
1.175447
1.656035
4.51868
0.2097512
2.16976
-2.966146
-1.317127
1.831865
0.3433149
-6.44595
2.045179
-2.469533
1.974153
-4.970985
2.545352
3.617083
4.051952
-2.157663
1.064352
3.486025
-2.047546
-1.932639
-3.182049
1.044379
-0.2411802
-1.931039
-0.2227443
6.22729
-2.700975
2.656419
-0.7892725
-2.106046
-2.209311
-1.972546
2.262228
1.146411
-0.1877282
-0.15721
-7.353539
2.704152
1.516909
-0.2835807
-3.826342
-0.7804389
1.737554
0.6360849
-1.826828
-2.201088
-1.6412
2.296871
2.456473
3.546219
2.508847
0.8270409
5.266145
-3.055115
2.523454
-0.9919329
1.492038
-1.06925
2.334242
0.00964167
0.6181589
1.217719
3.216389
-0.8901316
0.9920212
-0.6662055
0.4344643
-1.175912
5.769246
1.134559
0.7231809
-3.369723
-0.5822386
4.34847
3.153487
3.833118
-3.958967
-2.023116
0.4698004
1.159306
4.088788
3.715111
5.352015
0.9641615
1.821113
1.825331
3.466418
0.6837406
-1.077411
1.630468
3.869629
-0.2725513
-1.143622
1.446585
4.293646
1.85816
4.241927
0.1036856
-3.063812
1.767956
-0.7296372
0.4516307
3.557637
2.232202
-3.050308
1.477434
-1.044659
0.1767047
0.8889139
2.826398
1.746297
-1.488178
0.9846562
1.249747
1.854737
-0.2916553
-1.791491
-4.829512
0.8444332
-3.021567
-0.6163238
0.8388459
-0.1482919
-1.779648
3.94151
7.214363
0.6807209
-0.4374294
-0.4084703
7.617566
2.771944
2.033545
0.9614282
-0.2819764
4.046154
3.478634
1.86537
0.1747986
-4.346056
4.763401
3.154274
-2.632077
-0.02051815
1.750541
0.5649399
0.9484596
2.212038
1.198564
0.7821497
3.169512
-1.011322
-1.541129
-0.2685228
1.25606
3.242009
-0.4935878
-1.575012
0.2492147
3.832735
-1.865041
-2.155924
3.031158
-0.2255391
3.231004
2.510692
-2.079647
-5.040269
-0.05522358
-1.683092
0.06514834
1.665405
-0.9443127
-6.226615
2.85394
0.6315913
2.897365
-2.697438
-1.671217
0.6437161
-1.614164
3.01826
-2.63978
1.772323
4.199739
-2.44291
-2.272651
-2.222539
0.3620946
4.391128
2.990648
2.299151
0.1952786
2.996925
-0.1098747
-0.2936555
0.6823248
0.2870012
0.5418893
-2.274353
1.013742
0.2879163
2.336711
2.817896
-1.545305
-4.010421
0.5132607
0.3223909
4.608845
5.056423
-0.3114174
-0.09351639
3.60275
3.556367
2.757497
3.110026
5.609634
-4.783248
-1.268647
0.8258754
-1.93266
-2.696169
3.060875
1.352236
1.748741
3.386956
-1.080646
2.052026
6.608446
1.218973
-0.7685072
-0.08945113
1.850727
0.1432544
-3.167791
2.512948
-1.30431
0.5234622
0.2560536
-0.4790299
4.097041
1.321119
0.005520375
2.935645
0.98162
4.647082
0.08475459
0.7262383
0.431241
1.905312
-0.2815019
-0.6156934
-3.160971
0.792077
3.168468
2.415236
-1.173692
1.098277
2.160029
-3.100137
-2.141276
0.6056618
-0.05232118
3.393044
-1.436709
-2.288485
7.838307
-1.14163
1.493837
2.507715
0.1754367
0.3681004
0.5533384
0.9186444
-0.7972181
2.363001
7.226459
0.3937449
-1.079533
2.903914
3.164069
-8.918584
5.844597
2.704452
-0.6466299
0.5947797
3.921726
0.4897678
-3.139608
-3.040766
1.603832
1.967912
4.739774
-2.087767
-4.338431
-0.4084789
2.717771
2.614423
0.7121978
1.39168
-1.691986
-4.607563
0.2844084
0.0597081
-0.4998987
-1.041192
1.223332
3.911124
2.089094
2.618451
1.068481
-0.5201384
3.571434
0.3813003
2.316379
-3.30788
3.83965
-4.605569
-2.320554
1.123138
-0.727062
1.189704
0.3982966
2.365259
1.772898
1.947459
-0.5592511
-0.3748504
-2.058372
2.332257
-1.878619
0.5610089
1.305754
0.534753
0.0002400614
1.470178
0.2995455
2.117376
-2.01841
0.785096
0.9840962
0.7263217
2.030392
1.028437
3.270635
0.2569458
3.324444
-1.587015
2.781212
4.588712
-1.094456
3.12989
-0.09250107
3.435411
4.569189
-1.074688
-0.3850129
1.183371
2.230406
-0.7730935
-2.2891
0.2159374
0.1574513
-0.1777917
-1.86585
-0.8611424
0.5639612
1.47638
-3.082978
0.6423897
-2.200017
3.215625
2.252134
0.1973236
-2.810498
0.3442914
1.123603
-0.8935944
3.158519
0.7793687
6.923868
-2.098889
-4.238603
3.702339
0.9723837
4.588118
-3.36614
-1.272593
1.004309
1.498355
0.3889534
1.167688
3.741392
3.086895
-0.5072673
4.406009
-0.588492
-2.125039
0.2421297
-6.656994
5.561195
1.763841
-1.224742
2.339725
-0.6388309
4.473963
4.272649
1.267368
-3.063524
0.5519726
4.462488
-0.8423528
1.032398
2.444957
-0.7315438
3.562525
3.87553
0.6635024
7.91698
0.8753201
1.777655
2.820873
2.913454
0.2784862
2.422258
-0.4382807
1.407394
2.62269
0.2193911
5.727069
0.7828965
-4.213887
-1.228672
2.445634
-2.55874
-0.3768648
-2.186877
-1.326717
0.1758161
2.675561
5.134422
2.166661
-1.43584
-1.555442
2.27601
0.6071451
-1.923853
0.7502274
-3.805866
2.85533
-2.087689
2.650661
-0.6506333
1.910899
4.606646
4.278516
0.4410087
1.356785
1.603347
0.4676641
1.343304
-3.558543
-2.407855
2.819265
-1.862849
-3.089261
2.796637
-3.08673
1.186716
3.160773
4.644675
-0.9614478
2.562806
1.460304
-0.4706201
-0.2082601
-0.1610672
-0.1796259
0.7220477
3.860051
2.829798
1.056892
-5.9518
2.584697
-2.610417
2.518877
0.6298823
-0.7951326
5.513716
-0.05819697
4.032828
0.3248858
4.054699
-0.9597854
-1.874704
1.654154
-1.675187
5.647567
0.385795
2.724629
-2.421706
-0.5464302
-1.559399
2.793914
2.571668
-0.7307346
-2.147804
1.845242
2.005958
-4.079865
-1.602817
-2.56969
7.01138
-0.2443141
3.36549
0.7731584
1.278125
0.5032575
1.849992
0.2002785
-1.332466
-4.785964
1.873302
3.511672
3.231174
-1.70739
1.767005
-1.019192
4.059306
0.8000889
3.713661
-2.311665
1.418899
2.638055
2.710671
1.644894
-2.326877
-0.4009326
-2.448631
-2.295644
2.821335
0.4774185
2.272634
6.38742
0.5710441
3.213701
-1.212464
1.831337
-0.8749312
-0.2460474
3.358025
0.2073399
-0.8457625
1.610748
1.864106
1.143169
1.689397
-1.175756
3.416897
-1.342
4.342036
1.624551
-1.444997
-0.5894865
-0.993378
0.8268195
0.378143
1.924786
3.126711
1.676391
-0.2323443
-0.4662093
-1.537121
-0.228526
-1.37731
3.693626
-2.232168
0.08598952
0.8612481
-1.487042
-1.749013
2.300408
-2.031736
5.170376
0.9045353
-1.87294
-0.3898904
0.7418088
1.446197
-1.613194
-0.6385838
-0.5422796
0.718705
2.769604
0.881285
-0.6015219
-3.492778
0.5028316
4.033219
1.319905
6.41545
-1.53584
1.571388
-1.464225
-2.751797
-0.8891193
-2.019887
0.6882153
1.579733
-3.037936
-2.330525
5.243587
4.344288
-1.15868
-2.87285
3.0436
3.127504
3.019225
-1.186627
0.1196993
2.684873
0.1837883
-2.014843
1.695424
2.413438
4.356177
-3.011058
-2.602438
-1.645031
2.786234
1.239716
1.269384
0.3057582
6.11821
1.311928
3.372617
-1.38136
0.004555527
1.867748
4.339761
3.623401
-1.749059
3.971945
-1.258144
4.141933
1.020329
-2.621987
0.7708809
1.893046
-1.041795
-1.523333
2.744884
0.433748
3.946202
0.7551999
2.77922
3.38466
2.9077
0.7549156
1.715906
-1.809016
-0.537246
-3.095431
-0.4085788
0.518102
0.4342595
2.701482
0.5230595
-0.09395407
3.622786
-3.494052
-0.3979527
3.093656
-0.2532682
-0.6179329
-2.870271
-3.937182
5.139549
3.464279
-2.239148
-1.869475
-2.518569
-2.56526
-0.1839889
2.522629
4.085009
0.06917235
-0.429302
1.692486
-1.551592
4.816586
-3.402049
-4.862005
0.8501673
2.475347
-1.360152
-3.313885
4.46206
-1.853491
-0.03856727
-2.405745
1.297853
-0.4620922
0.5847213
0.7284437
-1.55789
2.289313
-4.125146
2.53846
-0.2375274
-0.3277861
1.406961
0.6364175
1.675851
0.7796989
1.059274
-0.6787552
-0.7662618
5.808011
1.337023
0.7102084
-1.246288
-1.382182
2.178866
2.209044
-0.6710819
0.1890279
-1.69036
-1.958504
-0.07749845
-0.7892354
-2.216238
0.1047458
2.015043
3.075819
-0.5724876
-3.8667
-2.315807
-1.15204
-0.9811971
-5.211415
1.254549
0.9923436
-4.010049
3.897626
1.471302
2.989472
-1.228904
1.390503
3.284652
2.653939
-0.9054894
-0.4168408
1.18216
1.239198
3.706802
2.910129
-1.788933
-1.518737
-2.489649
3.228888
0.3049562
-0.6257683
1.244016
2.06822
-2.942606
-0.01603894
-0.7277232
3.437852
1.652352
2.189813
-1.535889
1.282879
2.8237
6.293742
-0.05591608
-1.184598
4.197912
0.6516392
1.595355
0.5685987
3.30482
6.330234
-3.934437
-2.893838
1.340599
4.064359
-4.650835
-0.1589058
1.937084
4.117875
3.952536
2.134375
-1.342966
3.117665
1.732522
-0.1816782
5.242902
0.1180285
0.8177691
-0.1238978
0.6203882
0.6104655
1.530286
1.615194
2.396677
1.786595
3.112256
5.518888
0.119335
1.267355
-1.296387
-0.3271114
0.03866869
-1.983989
1.86902
2.000454
-1.019364
-1.948974
0.7060825
-0.712311
-1.414538
4.288166
5.013416
0.7554236
0.9289805
1.087373
0.07242602
-0.6184864
0.8066687
3.378799
-5.156763
1.286404
1.593651
0.666496
-0.5258825
-0.8054935
0.557727
-0.976477
2.058975
0.5882391
2.957253
0.8386064
0.6798673
3.674136
4.977849
1.88512
0.4710231
-4.770625
-0.09799392
-2.234385
-0.5374504
6.053249
0.8829902
4.130928
1.848428
0.4068077
-2.625826
3.842449
0.4458235
2.041671
2.281759
-1.594283
-0.7712802
-5.948564
-0.1323453
0.702418
-4.516817
-2.377008
1.434834
-0.6674206
-0.3639415
-0.3083112
0.09257948
1.949264
0.1246043
5.68048
0.3761979
5.17097
1.907061
2.247623
2.450401
4.335228
2.886605
3.833032
0.4881979
-3.591172
2.390596
-1.686086
-0.4145182
-1.153792
-1.335956
1.041334
0.07015546
3.916658
1.882165
2.867103
0.813258
4.053403
-0.06785133
-2.463612
2.021377
0.7397224
3.242908
2.474983
-0.11395
2.14944
3.048444
0.4245584
-2.742082
-2.830473
2.049849
3.33912
4.326917
-0.05285409
0.5288256
2.613882
0.7407933
-3.083499
2.961961
3.162303
4.311247
3.320571
-2.600255
1.216261
1.111001
0.1734415
-1.711508
0.4067299
2.322096
3.08058
4.903989
1.441655
-4.520152
-3.434529
7.331751
2.115954
3.714141
2.200882
-3.146838
4.216374
3.801715
-0.8761875
1.128534
5.648004
5.551381
-2.980087
-0.541864
2.509561
2.220379
1.317439
0.882011
-1.613588
2.067406
1.227241
1.095907
3.439709
-2.619424
-0.8132868
-1.751111
-0.301662
1.21723
-3.842986
5.592317
-1.26954
-5.969122
4.83183
3.289162
-1.26698
-1.061853
0.03937565
0.7327346
-4.664799
-3.757548
-0.5212067
0.4208623
-0.8973611
6.31585
1.29805
1.483945
1.083837
2.53079
-0.9189309
2.735823
-1.443298
1.750958
-2.988078
-2.075564
1.8931
-2.36529
-1.017487
2.642604
2.359627
-1.171277
1.141608
-0.6330955
-0.1782153
-2.365251
1.904528
-0.978634
0.9332317
-0.8529712
4.091177
4.137165
-0.05118738
1.487903
0.976275
-0.4327462
0.3815073
4.7528
-0.5802917
-3.387902
2.875046
-2.890855
-0.1509041
2.429736
-1.338821
1.26775
1.524806
3.253116
1.231416
2.481967
3.016182
-0.3830355
4.913078
1.522969
1.543127
-1.772301
1.217241
2.493632
3.177664
-7.141083
-2.670723
1.951883
-1.426263
-0.8816993
-0.4755515
2.655176
-1.97078
2.451681
3.097069
-1.729346
-1.727176
-1.084427
-0.5842032
4.937317
-0.5661352
-0.6733327
-2.165065
-7.421039
1.213226
-2.543785
4.670489
-0.4205285
2.135855
1.548439
1.7238
-4.277082
-0.9600338
3.585993
1.214208
-2.893726
3.519585
-0.1473659
-1.688484
1.153434
2.116718
-1.245002
-1.664492
-0.4868554
3.359552
3.693385
2.203256
2.269606
-0.7280489
-0.552612
-0.1214407
-1.541112
3.672842
2.344618
1.874278
2.797867
-2.135772
-1.095339
1.105022
-0.4472461
2.472427
-0.06825082
-0.6628693
7.501477
-0.2369855
-0.629126
4.683124
-0.8998721
4.98189
0.428344
-2.013894
-3.632936
-5.96282
-1.770852
-1.085643
3.321549
1.067931
2.009556
-0.4273892
-0.4987907
0.1966064
-3.015898
-1.891643
2.353719
1.23131
2.549383
-2.132111
2.706958
1.275053
-3.068078
2.743505
1.725613
1.35767
1.473718
-1.614809
2.42662
2.905389
0.05849771
-1.81866
3.058618
-4.376671
-1.967748
0.436316
-1.074823
-1.318647
-2.960832
2.878936
-0.104808
-0.2736904
-0.9725737
0.8088412
3.167585
-4.120174
-1.049965
-0.1215478
-1.855108
2.30013
0.3619508
0.1964855
1.979533
5.011485
1.236746
0.2560428
4.068244
1.391315
0.01975911
-1.005354
0.2440004
4.318733
3.284901
1.591137
3.635859
2.808772
-1.302955
-2.04462
-3.709676
-2.356553
0.5061385
3.648669
2.312157
-0.9159322
2.90632
-0.6559021
-2.28902
0.6674678
-1.726953
2.784229
0.3491592
3.199756
2.326909
0.8552658
2.731046
-0.752862
1.00337
-2.841533
0.5534888
-0.2057723
2.267768
2.210534
1.489794
0.9534013
1.038047
1.302502
-2.938705
-0.1173595
5.111661
0.4987385
-2.11673
-5.053894
-0.35158
-0.1465923
3.336097
-1.001397
-2.065508
-0.1525312
2.251586
0.3563493
1.018678
2.75724
-1.663361
-2.254568
-1.596703
-4.321607
2.527402
0.4773402
-2.864705
-1.759453
1.300102
-1.837907
-0.9396842
1.496522
4.439769
0.4234093
-0.657264
-0.7721346
0.6771633
1.788099
0.4493136
1.60054
0.6836539
4.550475
4.062833
-6.407561
1.159016
4.158335
3.673149
1.520112
0.5853115
3.414981
-1.279323
0.3228738
-0.9193344
4.358194
3.460139
0.985763
4.158286
1.997338
-0.4565818
-1.097215
1.650628
-4.018226
3.228309
-4.257078
-1.842856
-0.2093414
-1.166647
-1.394791
-2.054531
-4.570823
4.61022
-0.83494
-1.009746
3.915195
-2.842686
2.551151
5.137387
1.083105
1.391479
3.980679
-2.193281
1.933993
-2.303736
-1.925824
0.3739118
-3.601993
-1.350007
0.3792944
3.378554
2.299061
3.538
-1.283801
1.088328
-3.096839
2.966827
-0.5363162
0.4357664
-3.239457
1.812682
-2.52373
1.621056
-0.6587728
2.803519
-5.582591
3.267001
-1.461904
-2.768442
-0.230213
-0.247467
-3.415137
-1.649568
-0.2754609
4.239054
2.588729
1.024307
0.5552543
0.112601
5.278153
1.394555
0.842397
5.363324
-0.09403915
-3.207383
0.2388569
4.267947
2.562576
1.349626
0.154165
2.181018
0.1552526
0.995121
-1.34271
-0.03224496
-0.1424393
0.06533535
-2.209023
3.185788
2.795493
4.28482
3.419982
5.63226
1.85933
3.454276
3.385929
-0.1381056
0.8690528
1.081728
1.310514
2.04034
0.08715438
4.059011
2.092287
-1.192594
2.898684
-1.623156
-0.377874
-0.556021
-2.361073
-0.6707113
-3.998108
-1.344436
1.117041
-2.678553
3.878764
5.485355
1.474587
1.365767
-0.07346426
-0.8705226
2.035009
2.088349
-2.64921
0.2016701
-0.4154165
0.7543152
-2.922932
6.412258
-0.9551257
2.591651
-2.725905
2.776625
0.5095731
3.924651
7.70818
1.05221
0.6979442
1.461003
2.892963
1.008712
-0.8823983
2.136475
0.6566206
-0.2812336
2.496696
-1.354258
1.07944
-3.872329
-1.04041
4.19625
1.04759
1.962989
5.602738
2.442905
-1.123528
3.187738
-3.572633
2.051529
3.176951
0.1322372
0.07128378
3.867714
5.947901
0.7376636
2.182622
2.167163
-0.6936762
-0.1965023
-0.7098585
1.673764
-1.552156
3.176285
-2.277484
1.612076
3.95029
1.61039
3.142677
-2.990818
0.7994316
0.1138049
1.573093
2.160934
0.4301837
0.7517894
-1.551575
0.3066436
-0.142029
1.584564
-1.116104
-3.059346
-2.189388
0.01708345
2.380586
-0.1983651
-2.582567
4.213165
0.3540881
-0.7549008
-0.6960083
-0.5966726
0.4523046
0.5854249
-0.930647
3.035715
3.356824
4.268852
-0.01865654
4.629479
2.44711
-3.052449
-2.116186
5.146253
1.296189
1.033793
1.356967
2.649824
0.2212088
2.451245
-2.744476
1.326263
2.407945
0.9910649
1.460906
1.131075
-1.050127
4.440631
-2.614071
6.336442
1.080843
-1.201087
1.411334
-3.054697
0.07324315
-0.7633181
-0.04707946
0.2983687
5.182226
1.986278
-2.311658
-1.079912
-0.1460637
3.510215
1.765782
6.919232
-0.5313611
-4.17658
2.616869
2.910361
2.886719
3.037652
2.535843
3.011424
-0.4448683
0.6880697
-5.241341
2.307348
1.514641
0.7483404
7.374287
1.725429
0.2289314
1.594655
-0.3285523
-0.310392
0.7161705
2.364955
-1.425297
1.281587
2.816191
5.24397
0.6315683
1.223907
-0.6306524
3.228068
-3.146761
0.7827893
-2.337477
1.317122
1.998458
-0.6462665
-4.473298
1.67185
1.367541
0.2111642
-1.083155
-1.593453
1.009258
0.4471708
-1.09293
1.165932
-0.2584973
0.4203571
-0.3999025
-2.704667
1.628554
2.566725
1.401342
2.882268
0.8065469
3.038923
2.680187
0.6868934
0.03223707
1.280224
-0.308796
1.080024
3.001128
2.4664
4.894623
-1.105671
0.09608066
3.155593
-1.968388
3.770454
4.782
-1.028764
-4.061085
2.739182
-1.418723
0.249774
-1.422219
6.11361
0.6777343
-1.806912
1.229594
2.456973
-0.2002021
1.483593
-1.006081
-1.017475
-1.454602
-3.120589
3.202411
3.093821
3.817981
5.980837
0.8653076
1.033882
-2.49413
-3.317997
0.0194288
-1.938563
2.165898
-1.669587
0.7653121
2.971277
-1.148858
0.06152456
1.829591
-2.829221
-1.290256
-1.075083
1.055163
2.658624
1.103639
1.880302
-1.699302
0.9395226
3.387617
1.927787
1.21742
0.03080137
1.172573
-0.6360485
-0.2353739
-0.4344673
-1.92079
0.875438
0.2086673
-0.526034
-1.152371
2.924928
1.599559
-2.948028
2.358297
-2.963215
0.8450289
-2.283336
0.6330061
1.51267
0.1823883
0.5958331
-4.855452
3.076603
2.259803
2.751188
-3.482297
0.8864663
-0.2222789
-1.317891
0.4710723
-2.417085
3.562038
4.601835
2.104891
0.0492935
3.090441
0.4318226
5.112616
3.196262
0.9580124
-2.435897
3.317955
2.712541
-0.5908029
-0.8962938
2.573629
5.246491
-1.997309
5.971879
0.8699633
-1.770644
0.2212712
2.303352
0.9306189
-0.9665781
1.02575
0.4412622
5.032257
-4.765121
1.467169
2.663623
-4.093717
3.098497
1.456893
-0.9031501
-1.055238
-4.969201
1.323201
1.828402
-0.6011741
-0.08039698
3.672683
-2.765286
2.068069
2.993325
2.53124
0.9744399
0.1728981
0.3420878
0.8535531
1.637729
0.4466119
-0.3983856
4.064175
0.4673372
-2.762059
-1.469814
4.699156
2.733111
-0.7461509
4.50378
0.3491032
0.3815562
-1.479289
1.783127
-5.192354
-2.045426
0.4994514
3.464078
0.7036333
2.104737
-0.2691866
-0.2232494
1.408488
0.3888719
-2.107293
1.556361
3.738228
0.08877734
2.263637
0.02828581
0.3835455
-0.5170482
0.8716781
2.958819
1.164267
-0.6250815
-0.08576717
4.345269
2.643278
-3.012235
3.774322
1.420586
1.275619
2.297138
-2.143338
1.328662
-2.509395
4.265602
-1.834695
0.650528
-2.558413
0.2412084
2.323072
-1.814334
2.919925
2.053431
3.101668
-3.375821
-1.220549
-0.5965942
3.436857
3.725376
2.536675
2.495862
3.811464
7.829301
-0.7454751
-0.8659354
2.10638
0.5178777
1.745168
7.526924
1.571627
3.99507
-0.9495385
1.651816
3.396326
0.6765946
4.43622
2.344184
1.129156
0.3340849
-2.269083
0.8505064
0.1809236
-4.227095
1.305819
3.718391
4.528352
-1.694677
-2.075041
-2.905231
1.278127
2.324675
0.83391
-0.373847
-3.050852
1.96132
1.883546
0.4063452
0.05164311
0.5963103
0.738895
2.447969
1.206226
1.950876
-0.2906416
4.226463
5.216861
1.644214
2.413451
1.193458
-1.859799
2.916972
2.714315
-2.527236
-1.386636
3.698747
-4.726555
0.9494606
0.4822313
-2.712811
-1.180914
-1.827977
-5.102131
5.841063
-1.175038
-2.791031
-0.180407
0.9300287
-0.31553
2.104286
-0.3078362
1.693951
3.636935
-0.7864735
0.2769084
-0.1846856
2.780507
0.01672204
2.35889
1.122128
-0.5207388
-1.592615
0.8341768
0.7735052
1.946958
2.177822
0.2582092
0.1208925
-2.308165
3.796636
-0.5701199
-0.114818
-3.879012
-1.567439
-1.496003
1.260588
-0.9961083
0.1992819
-3.973172
3.701732
-4.13634
0.1221225
1.095318
-1.568658
0.3703248
1.356587
0.09559215
2.809942
3.869313
-0.6926437
3.248372
0.5467643
0.2706492
-0.9688716
-3.726998
-0.545699
0.3883285
-5.840138
-4.068435
-2.1519
-2.621926
-0.2162456
2.652796
-1.235338
-1.161422
0.5328347
0.9928898
-0.164559
-0.01023175
-3.057399
-0.8157028
1.613879
0.5957422
0.3742203
1.019562
0.3644291
-0.7906347
3.06319
-0.3830171
3.819259
-0.8946167
3.129648
-0.741898
-0.8416092
-1.962686
2.610992
1.966434
-0.3922626
4.675316
2.040288
-0.652447
1.995223
2.405526
-1.761897
4.587052
2.245322
-1.821682
2.64872
2.401831
0.6033364
-2.814971
2.085925
1.481268
3.354121
-3.483825
1.263911
0.9598177
1.490861
6.081803
2.608565
-1.325652
2.146811
1.713145
1.157681
-3.805441
1.18758
4.760231
1.373598
-0.6238974
-4.772631
-1.644744
0.6226446
-3.414047
0.9073331
-0.6992682
0.770455
2.512108
1.010825
-1.928914
3.050632
5.037255
5.574105
0.7610773
-0.9030137
-1.099384
-3.788698
-2.137836
-1.93052
1.049203
3.161832
3.7824
2.36496
2.671553
0.4572214
-1.182319
0.901034
3.691766
-3.569463
2.317377
-2.643141
6.2761
2.625804
4.753183
-1.670369
2.661858
0.951709
-2.476641
-3.619219
1.540575
-3.845039
0.9993174
-2.640018
5.81309
2.15477
-1.47797
-2.987668
-1.952218
-0.7108723
-0.3924383
3.477354
2.959982
-2.980834
-2.822327
1.500714
-3.406785
0.6053977
-0.4900241
4.819902
0.4654325
-1.390121
0.2796286
-4.964556
2.023783
2.116322
1.431086
2.912862
3.698081
1.885416
-3.423032
-2.653924
3.274152
3.666626
-0.3752756
-2.04112
1.256753
-0.6775231
3.471899
1.497235
3.455002
0.9284894
2.200793
-1.295605
1.86629
2.686802
-1.953158
-2.695362
-0.310806
2.906911
3.580285
4.709441
1.09613
-1.975427
4.209413
4.103033
1.85851
-1.95965
1.940324
1.268859
-0.5259935
1.224744
-1.710656
4.043588
2.510238
2.208951
-0.01649513
-1.097604
-0.05630823
-4.857465
2.910996
1.105666
3.382718
-1.910709
1.76154
-2.882489
-0.3208683
-1.643994
3.391058
-0.5210703
-3.677628
0.2374586
-1.68977
0.3576303
-0.3881567
3.057282
1.78942
0.3284818
0.4933738
-3.445877
6.266749
3.899838
2.018064
-1.506969
2.271986
0.9814566
-0.2777055
0.8160852
2.525425
2.736202
-3.319875
4.770912
-4.175497
-0.151032
-1.96966
1.769485
0.1018515
1.176336
-0.7329312
2.39368
0.08549344
-1.039599
2.708974
0.6044115
-1.724788
-0.2185307
2.147724
0.5727507
-2.525154
3.84597
0.0634982
-0.3661484
-2.326792
-0.8214632
-0.7651772
2.217589
3.544223
0.6686474
4.225461
2.71799
1.002767
1.518108
2.221696
-1.572166
-0.05042809
-1.498191
3.286388
0.8168575
2.33627
1.181764
0.009248538
3.983246
0.4909825
0.6065087
1.76252
0.8755074
1.305292
3.901179
-0.4572675
3.320209
1.166454
2.854355
0.7816975
-0.7382689
2.502289
-4.111291
0.4417083
-1.602472
3.295831
4.674236
3.529397
3.467331
1.652204
0.789811
1.072466
-0.4292148
2.3665
-1.354652
0.8056391
1.484057
2.491533
-2.171137
1.139826
-3.990639
1.910047
-1.04532
1.688703
-0.2016121
0.8952726
2.285076
4.107665
0.7562108
3.045442
1.011639
-3.244772
-2.463489
-0.286003
0.1578835
2.582498
-2.466589
0.03144979
2.495032
-3.055559
0.0465568
-2.496499
-1.816347
-0.06348761
-1.308936
2.667616
0.5461258
-1.300285
2.807467
0.773291
2.557549
2.907847
4.944723
1.420265
0.680459
0.4846958
-1.250514
1.070983
1.07752
-1.9558
3.751246
1.296094
0.105213
0.5962342
1.324842
0.7399236
-1.069394
5.191461
0.1059076
3.45404
1.744939
1.033816
-2.225216
-0.9689464
4.655047
-1.355401
0.4562668
3.390351
1.577143
1.511651
-0.9498941
1.856416
-0.9844415
3.951681
-3.292591
-0.7848224
1.683219
2.25122
3.103646
6.084145
1.174698
-0.0009118505
-0.5686689
0.2047262
-1.102163
0.4347618
-0.5535258
3.626958
2.781625
1.976924
-0.9352409
1.475543
-0.3576476
2.969335
1.473094
3.381018
2.439276
0.9282672
2.499492
-1.336239
1.12677
0.6135903
1.577739
0.003376031
-0.6601391
3.626559
-0.008388264
1.011315
-1.60762
-0.6260908
-3.002431
-0.1717682
3.105965
-1.10476
-2.168173
-2.527779
-2.433693
0.2492344
3.45818
1.750146
0.2276291
-1.56434
-3.518111
2.985455
0.5763482
0.5012128
-1.752399
5.243164
0.8909231
1.895712
-0.9624008
-1.251553
4.103169
-0.7221457
1.455478
2.000985
4.136766
-3.038406
-0.3745039
0.5730509
1.117194
0.2536295
-1.711276
0.7539802
4.287877
-1.057416
0.3409333
0.1137263
-1.231361
1.633665
0.8123181
0.1699177
0.06166529
1.416538
1.233664
4.187355
1.440394
2.46143
4.067499
1.586776
4.76427
2.476149
-0.8927515
1.13228
5.051361
-0.03606027
5.109234
-0.2993757
4.069988
2.264027
1.804985
0.6178625
0.1285516
-3.031528
2.650404
-3.842194
0.1497591
1.297181
0.2842546
1.645861
-3.263016
1.872593
1.83884
1.030612
0.6833064
0.1454085
2.2833
-1.215171
2.376741
1.142135
2.796783
-1.819743
-0.7672463
-2.103408
2.473005
-1.669869
-1.253177
1.82889
0.5595974
1.383642
2.720198
1.545134
-0.3003438
3.192085
1.159866
1.729703
1.148459
-1.019525
-2.287111
2.8386
2.647801
-0.2220286
0.9550714
-1.823177
0.871778
1.24707
2.954591
1.088167
3.376981
1.782532
0.7724295
-3.798315
0.3851452
-2.314429
-1.755721
1.825204
-0.2208168
0.325755
2.439285
4.745819
-2.083778
2.626797
3.074647
1.440196
-0.07002111
-1.3551
1.233862
6.671554
-0.5928133
3.189714
-0.09548319
-0.9397783
0.1744152
1.069353
-0.5450437
1.475342
1.182865
-0.7057345
2.096281
-1.724173
5.038482
0.4650707
-0.328079
0.1693175
0.9855079
-1.409088
4.141351
-2.694893
-2.73042
-0.02458485
1.088942
-0.6837192
-2.411727
1.241251
4.570965
5.929904
-0.6257315
0.8058794
4.93393
-0.7900507
0.4422628
1.958292
0.1361423
3.048215
0.4876472
-2.788688
3.346159
-0.5772233
4.600893
4.106668
-4.976796
-1.853636
1.55432
4.948763
4.971142
3.232183
1.285263
1.215917
2.056701
-0.8969917
1.703559
-0.05944799
-2.088391
2.696046
4.64017
-2.051236
-2.366968
1.563825
1.512341
-4.30004
2.120799
4.141025
-3.151952
-1.363197
2.295015
-3.586545
0.75492
1.088769
4.163004
1.760859
0.9075666
-0.9997878
5.423661
1.851628
4.547482
2.198058
0.01166113
2.661967
-2.834015
-0.04028415
0.4343983
2.089783
-3.601656
1.798224
3.544105
-1.240731
-0.571253
1.383562
0.8835061
-1.487021
4.512437
-1.079574
2.073699
2.732811
-1.055507
1.854927
5.435265
3.412453
2.02157
2.236388
3.244701
-4.222129
0.7165965
1.22105
-0.4742902
-0.02830388
-0.955779
1.004604
3.325418
0.5031741
3.452304
-1.958986
-0.4338808
-1.165246
1.034546
0.5406504
0.5517158
2.245038
-0.8827559
7.267054
3.359225
4.255998
1.618419
-4.392478
3.224569
-3.52536
0.2733518
-3.407049
-2.181466
1.633461
1.229927
0.2320617
4.460903
1.466353
-0.4132566
0.4461268
4.152106
1.428553
2.265193
-1.102536
-1.33041
-1.055832
-0.9504801
0.2905942
1.740816
5.855907
-2.898743
-0.8494037
-0.4330115
-0.0007523582
1.989463
4.529109
-1.198371
4.915333
3.750625
2.407614
2.797094
0.7229267
5.454612
1.649733
1.485365
3.644801
4.07144
-1.990213
1.927894
-0.8361992
2.13159
-0.8080335
-3.053764
3.506143
0.7460043
-0.4207705
5.358249
-0.01732272
-1.643139
0.4592099
1.120305
0.4027462
1.319438
0.6029443
-2.444489
1.370225
2.944243
2.344025
-0.07644282
-2.626763
0.6688094
2.330385
5.765331
2.810266
-1.965211
0.3708323
-3.015128
-0.9943863
-2.22237
-3.288086
1.071192
-1.531136
2.585029
-1.473758
-1.125871
1.610948
0.9469185
3.745251
-0.4727158
2.492767
0.08341968
6.029532
0.346235
-2.669866
-2.894759
-0.8333214
0.992157
3.842088
1.388221
-2.490795
5.840582
1.29569
1.802058
-3.45695
4.899618
3.664042
-0.2653477
1.56868
-5.138071
1.95138
3.86621
0.1355478
2.026418
4.370114
2.365107
0.5105642
6.802044
-0.8095317
2.028828
1.603376
1.060282
5.033024
6.779382
2.005105
-1.329914
0.4493908
4.234549
1.587039
-1.613598
2.246322
4.050003
0.5573891
3.373257
-1.327983
2.3936
-1.246701
2.384691
-0.6987848
-0.9734767
4.789004
3.453964
1.019503
2.275141
5.128801
-3.038036
0.9580252
1.808622
3.642337
1.333738
-0.9649942
3.804637
3.137704
2.96521
-1.934609
3.844335
2.860212
2.007394
4.095439
0.03981565
2.596266
1.849976
0.1728697
-0.9071372
-4.062139
1.979719
2.623362
0.6596382
2.309031
-1.89123
-0.3424815
0.8374237
1.815996
3.640578
2.388137
-0.2310636
0.02109336
4.458098
-0.6942452
0.3838812
-1.528957
2.111647
2.087812
5.884056
1.21767
-0.5420583
2.594241
2.761368
-4.303854
0.5831396
0.2614162
-0.6088442
-3.31351
1.516151
-0.8743966
-6.978929
1.667065
-3.109616
1.196827
-3.146306
-0.866413
0.944275
-2.860691
-1.13434
2.212399
2.897669
-0.2804862
3.084177
0.3977876
3.043693
0.07501171
4.988821
0.344794
-1.827157
2.422065
-3.034708
1.218637
2.144825
-3.42093
-0.7437152
1.098468
-2.790665
-3.021866
-0.2442912
1.981408
0.9491952
-0.2559561
1.965006
2.904667
-0.6069481
1.831174
-0.7501455
3.372412
2.943914
6.426801
0.5567058
4.241309
2.547765
0.6509978
-0.3647691
0.1740712
1.466718
0.01429938
4.452248
-1.986121
-3.175242
2.461481
1.272977
1.30079
3.749789
1.539391
1.763415
0.6917061
0.5490639
3.392788
3.127953
1.053013
0.3198051
-1.423617
-3.766242
-0.3768279
1.475385
0.7392524
1.235814
3.57496
0.1866971
-1.27296
0.6929427
3.112019
0.3654858
1.056041
1.612337
1.072178
1.868006
2.605065
-1.632619
-3.286837
-0.5031081
2.102683
-0.5312874
-0.2135543
3.877625
1.276715
0.02668188
0.9470494
1.555042
-5.567636
2.724781
-3.074205
2.622005
0.6627988
-1.158407
-1.923132
0.8134474
1.796624
-1.082764
0.5349028
5.668397
0.3460263
3.703545
-1.597449
2.530353
1.123041
-0.06038899
-6.290397
-1.843401
1.355418
-0.2014488
0.404033
-0.6027416
2.493218
3.876641
0.9925379
4.234499
-0.08258555
5.737827
1.64268
-1.103919
2.820771
2.273181
0.3666985
5.472813
2.158216
1.227859
-1.087313
0.6552597
1.443146
-2.231961
2.841299
3.640695
-4.589897
-3.847114
3.149461
1.031277
-2.785901
1.40622
3.1666
-0.8560853
-1.993176
0.1458434
1.74416
3.620357
4.325442
1.885746
1.693113
-2.664883
1.763974
3.893653
-1.776025
0.7931548
-2.225518
0.03854568
-0.3342807
2.410475
-0.0419969
1.949136
-3.002306
1.360841
0.4952314
0.7991084
1.514113
0.6831854
-4.788119
1.938929
1.154155
-2.500834
0.2393619
3.398908
2.540182
1.479825
2.602139
-0.1782578
-0.1914689
-0.7180985
-2.215636
-0.6593129
3.756312
1.233724
-2.831577
7.575191
2.539677
-0.1699136
0.1018844
2.695826
2.299246
-3.575435
2.810394
-0.4767324
3.388703
3.572018
2.546025
-2.855322
1.727612
0.6869972
-0.1613009
-1.98298
1.806051
-1.78022
1.537647
5.060129
3.205021
-0.9165407
2.15235
-4.430794
-0.5889451
0.06921557
-3.174952
0.6618578
-1.526403
-2.872195
1.02307
0.04252229
1.344293
2.618961
2.689955
2.289206
2.849081
7.586168
3.987647
-0.7051806
-0.04028306
0.241309
1.422611
-1.403238
0.5006376
1.282019
0.04805572
1.849485
-1.10302
-1.17138
2.44991
3.341855
-0.930098
0.7904112
0.2016141
5.34096
-2.363806
-5.223639
2.283605
-0.4195478
5.195466
3.649901
2.294242
0.04842042
-1.437239
2.956532
2.926482
-1.545141
0.3309667
7.611412
0.8524372
0.2379044
1.807237
1.371906
2.743557
0.9836529
4.563173
1.229696
2.311874
3.594851
3.511183
-0.3652836
3.05526
0.1191326
-2.030369
-0.4771537
-0.7023884
0.3830081
-0.3336968
-3.822802
4.751225
1.365887
1.63198
-1.117001
2.064044
0.2069202
0.4411996
2.087597
6.250022
-0.6965676
0.09524598
-0.654789
1.935893
-1.146835
-1.663097
5.166464
3.135846
-4.366108
1.382356
-3.994025
-1.701114
1.611204
-3.23309
0.6309888
-1.639723
3.139767
0.9310071
-3.079234
-3.562715
-1.883676
1.984825
1.844959
3.99528
1.346575
-2.097359
-1.308416
1.061791
3.204219
-1.519303
1.563675
3.116283
3.057968
-1.05508
1.089592
1.224204
-0.06436999
-0.9740565
1.618868
-1.075014
-2.882151
5.246464
-3.208487
-1.989537
4.75969
1.012683
2.380916
-0.4717889
-1.346259
1.02334
-0.2023723
-1.016251
3.814198
2.283806
-2.087589
-2.770578
-2.962569
2.337016
-0.2109875
3.144789
3.753947
-4.548918
0.197389
-4.924294
-0.4929355
-3.078913
-0.9244457
-1.643875
-3.073465
2.542632
-0.9736007
-2.125022
0.2898262
3.551554
1.686929
3.312433
-1.670298
5.363408
-0.6421981
0.8053643
1.239999
-1.857946
-0.99504
-1.359503
-0.4848851
5.537764
2.283538
7.711858
-2.44691
2.750085
3.299413
2.076947
-2.224052
2.211306
1.709474
1.271461
-1.14072
1.515957
2.018621
2.391676
-1.188642
-1.300154
-1.74568
2.883226
0.9063984
-1.574272
5.2172
-1.278697
1.464837
-1.23782
5.501478
-2.719795
-1.617463
6.595286
1.634132
4.918967
-1.113007
0.6988598
-4.726967
-3.550033
1.634091
-0.7548193
-0.3208797
1.605263
4.659147
5.909884
-4.480266
-1.067652
0.1886622
6.703568
-0.437849
3.045889
1.930808
0.06602415
0.7677636
-3.112169
1.682293
0.1402015
-0.9881129
-3.216906
0.1939219
2.883917
0.4654816
3.21537
1.118395
0.02124471
-0.8128987
5.69966
-1.525944
0.3841261
3.02473
-1.117201
2.248201
-1.764255
-1.853692
-0.07475331
-1.547653
2.274474
-0.1763398
-4.661124
2.840271
-0.4841557
-2.871213
-0.5330057
-2.335043
2.204493
1.224927
0.6357132
-0.5632262
5.175756
0.8716931
3.095918
-0.1642601
0.2523532
0.01557432
-1.722732
1.043622
-1.628905
3.267017
0.6205629
-2.300647
1.405629
2.986663
3.667722
2.288247
1.088265
4.518869
-1.243575
-1.275819
1.072932
-0.628245
-1.070212
-0.4222098
0.03653863
4.365864
1.413067
0.9175095
0.1396043
0.1511064
-1.530196
0.8326586
-0.8198073
-3.030203
-4.57261
1.231058
-0.7499742
-0.1955206
-2.39623
3.053455
1.290057
3.252854
0.4594803
0.2804442
-3.415105
1.602541
0.612575
-1.280725
-1.378769
2.507245
0.03708302
0.8340135
-3.078464
0.3590601
-2.034869
-1.251958
-2.156175
1.048756
2.424284
-1.341054
-3.846833
-2.706388
1.641034
-0.9818695
-0.5775914
0.5353154
5.307056
0.5593934
-3.829555
1.290299
-1.257445
2.377845
0.02178599
3.502125
2.970224
-1.199688
-0.6099725
-2.240184
2.353423
4.62759
4.922151
-2.968116
-1.074123
-5.423595
0.9990519
0.7773369
4.150884
1.848594
0.227909
2.965629
1.850213
3.085405
3.736301
3.88454
-1.058102
3.118778
0.4581462
0.2632085
-2.755937
-0.2572278
0.7292024
-0.5974256
-3.381098
3.522077
-2.52531
-1.134222
0.3343131
4.8936
4.791394
4.96229
-0.1500519
1.585286
0.1120534
0.9942008
-0.2166214
4.318781
1.922826
1.612279
-2.140314
-5.763325
1.429257
-0.3639993
3.51429
1.988105
2.60824
1.265359
-2.158393
-0.1457888
-1.905951
-1.285779
4.201209
-3.371553
-0.4290746
1.183859
-0.4846764
1.723553
6.572219
2.609429
3.574612
0.7183164
-0.9372456
-4.421649
1.526236
1.893125
3.302893
2.721329
3.026995
2.089808
1.393279
-2.345435
0.4491444
3.775066
-0.01388988
-0.8316601
5.042365
-0.1235989
-2.074136
-0.6959802
2.061592
-3.565129
4.47897
-4.571332
3.875198
1.341988
2.841784
1.635202
3.425324
-1.134653
1.441635
-0.5909986
-2.820154
1.183625
0.1011629
-3.588559
-1.014241
1.949681
0.9408089
0.6942399
-0.3192245
-1.97717
-0.9224102
0.3311737
7.056584
1.178979
-4.210319
3.191461
-0.2299027
-1.266725
1.113201
-0.7267515
1.650459
-0.5285508
5.689875
-0.296049
4.150237
-1.869239
3.276664
-1.169875
-3.345706
0.08061824
1.109073
0.5940787
0.00859395
0.7659584
-0.008591221
3.346544
2.468492
1.27054
0.4206519
1.016196
1.648614
-1.511346
-0.6049274
4.025538
-3.083991
0.6023853
-0.9879117
-0.323913
3.600051
2.395653
0.9995746
-4.225378
3.542239
-2.346005
6.002886
0.06727922
1.991052
1.122323
0.4634937
1.40355
0.6644607
-3.427214
2.455798
1.350036
3.121477
-0.1799087
-1.40058
1.390814
-0.9735221
-0.04244499
3.73125
1.291852
0.9156476
2.789388
-1.49327
2.543615
-4.637958
1.246033
0.1738678
3.008695
2.591688
-2.285505
-0.8244323
6.073005
4.174143
0.1401868
1.607413
1.192057
3.401698
-1.762526
0.9422513
-1.417766
2.916199
1.115746
1.475741
1.592117
-0.8651323
2.157265
-1.914799
-0.2521599
3.473004
-1.582408
1.25499
-2.637109
1.226517
-0.8652199
2.643174
-0.157424
0.2104527
1.087392
2.479284
-0.4025744
0.889697
-0.6635788
1.279407
2.58471
-0.08944558
2.085952
-1.421122
-2.386472
-1.801124
-0.7121068
0.4198855
1.804805
-0.6135313
1.207367
-1.901312
1.680773
0.1952338
4.632813
1.89374
1.022451
3.990039
0.4277262
-2.632182
-5.797964
5.050981
1.613092
-4.465645
2.207511
0.5837477
1.914109
2.89701
-1.383595
1.887859
5.134005
0.5024446
-0.9012796
-1.179373
4.135871
-0.3616151
2.48127
-0.07606157
-0.8656292
0.6928965
4.462836
-0.1670903
-2.633925
0.9497263
-0.002935703
-4.324816
2.580199
-3.269405
2.114327
-0.9610486
-4.006674
2.882192
3.02534
-0.8453025
3.350361
0.7850526
1.497893
-2.749519
0.6305717
1.147778
-1.64378
3.130472
-0.8164311
-1.226637
0.3040392
2.700485
-2.012066
-2.324007
-2.795832
0.8382307
0.913388
0.755675
3.190813
-1.740782
1.768332
1.872781
3.291863
-3.383021
-1.914823
1.78957
-1.657074
2.006728
-0.6009755
0.9944041
0.02414252
2.581535
-0.1549884
-1.505305
-0.4925163
1.49538
1.651728
0.3347236
2.638546
0.3443162
3.296525
0.3579216
-4.076401
0.5413852
1.156441
-1.561227
3.459602
3.34927
-0.2831003
0.03123523
1.778745
1.334114
2.360604
1.187201
2.223087
-0.8128329
-0.5194618
5.618964
1.311466
-0.9911559
0.4800223
0.9386556
2.294725
-3.610897
0.712056
-5.757532
-0.4045213
1.729431
1.52191
1.510614
-2.099003
2.962158
3.058942
-0.9886233
-5.766072
0.8636021
3.496152
5.565978
-3.232114
0.1043474
0.3552764
2.687412
1.127081
1.26886
0.6140727
3.171011
1.590593
-0.2258342
0.8489134
1.115459
-0.3404854
3.013253
0.8500801
-1.728947
1.040131
-1.839912
3.244823
0.3811878
3.302541
5.784829
3.527592
-1.032708
-2.480083
3.380999
-0.7575129
-0.3825017
-1.137021
-0.416603
0.2047823
0.3745164
-1.691444
0.7128991
3.680712
-0.1056659
-0.05922265
0.6926616
5.004753
2.638776
-0.1126436
-1.377892
2.585877
-0.3730187
-3.136809
-2.227497
-2.875039
4.296799
-1.802906
-2.818384
-1.088385
3.22125
-2.330125
-1.787629
4.728384
1.078074
3.818005
3.169593
-1.222607
3.00627
-2.378325
-1.42314
-0.3788375
3.142005
3.746789
-1.235816
0.9570632
-1.689288
0.9612615
1.829203
1.922379
4.070901
0.3254194
0.5527125
1.824211
-0.9840024
7.61176
1.357196
1.695977
-1.544457
-2.177558
-0.6909164
2.392018
0.7428312
-1.291256
3.260268
-1.854155
-4.780372
-3.869574
3.516267
1.22863
-0.2611812
3.54259
1.890293
-1.441007
1.115972
0.5485625
-2.372598
0.9916954
2.555385
0.1632752
2.472204
1.185551
-1.526137
4.737466
1.88477
1.341011
1.810249
-2.807436
1.599262
5.554199
3.804676
2.236946
3.519323
2.367539
-1.598683
2.175681
1.045081
4.040356
-1.884019
2.42871
2.845016
-1.376222
-0.3370301
-4.280044
1.880703
3.626611
1.490218
-2.31469
1.459378
-0.9975537
0.411513
-0.7238621
1.855151
-2.082977
3.134621
0.1707511
1.334952
5.772255
-0.8665593
1.847824
-2.855714
1.795352
-2.395639
0.6786614
2.493999
-0.04283161
0.4070434
1.705344
1.63035
3.506342
3.397765
0.845348
1.698162
0.2753166
-0.384848
-2.02459
0.8594862
-0.6524612
6.465179
1.518722
3.642625
-5.844419
-1.948667
1.734309
1.312369
-2.895355
-0.2757713
2.10963
1.892731
1.556761
-1.387399
0.941256
1.163282
3.729732
-1.306018
-0.3053765
1.098244
-3.753105
-1.271654
-3.291461
-0.5214667
3.983351
0.205435
-0.609865
0.6728082
-3.189956
-1.267736
-2.019633
0.7817697
-1.756812
0.06037498
3.497978
3.910682
1.503893
-1.490391
-0.7035035
1.227646
-2.168502
3.118986
0.2579101
-3.375444
0.6029802
1.70038
-3.759874
3.807862
0.1556804
1.503516
0.4442997
-1.107204
3.352154
-0.1374198
5.120406
2.254702
-4.642614
-4.425444
1.198633
0.9746974
-0.6749186
0.06897798
4.582238
-0.9167964
-1.276644
-1.135593
2.145616
1.877737
2.859508
-1.445684
-0.1728232
0.1962852
6.316057
-0.8231325
0.9662971
-2.626056
0.4108424
-0.4057308
1.570061
0.4575496
-2.436504
5.036531
2.849288
3.086749
-0.613737
1.164227
2.014706
-1.47248
2.846945
4.024397
0.2824079
-1.495915
4.141925
-1.022234
1.434621
-1.171301
3.91161
0.5199144
0.05496504
-0.5083581
-0.5587306
-1.921284
1.397715
2.324069
2.106867
5.829273
3.019213
3.341092
-0.1846595
-0.8815209
-0.9005259
1.261142
-1.623182
2.796539
1.590957
-0.4291835
1.455855
-0.3652138
0.8729957
1.107994
-1.506939
2.266079
-0.7338826
0.1215623
4.230312
2.708999
0.1628611
1.083111
-1.167739
-1.738067
-0.638371
-2.161644
2.083044
2.535324
-2.285739
0.1497492
-3.327615
-1.4072
-1.101219
1.938056
3.854984
3.031121
0.6309964
3.703165
-2.216823
-0.4154645
-2.929228
-1.537937
-3.132618
2.851204
5.372884
-0.03680285
-5.286434
-0.8915125
0.8670127
2.18822
0.2657409
1.58406
1.315253
-0.4241756
-0.05312258
3.028919
-1.601541
3.038173
2.094582
0.1865653
5.251757
0.680164
0.05759189
-2.075518
0.02281262
-0.4453823
-0.2874495
3.735842
3.390648
2.838484
2.778555
-3.020967
-1.719662
0.01243701
0.009441456
0.5113242
6.15244
-2.46757
-1.006788
1.422171
1.640276
-3.658133
1.615565
0.9883603
0.007995451
1.645897
4.199038
1.533402
0.3812702
7.409919
0.4659936
1.200823
-0.4341706
-1.532993
1.615034
-0.6338449
1.696312
3.572263
0.8182086
0.4961129
0.06199627
-2.345872
1.280123
-3.218242
0.8430724
-1.144934
-1.593663
-1.495348
3.780667
2.454441
4.094841
3.68176
3.937349
3.000408
1.079266
4.859676
-0.2263267
0.4221724
-0.2297644
0.8443311
-0.7682435
-0.3432473
0.08244585
-0.9712075
-1.355508
-1.115775
1.297575
0.6462063
1.05936
0.03866919
-1.049276
1.479497
-1.936872
-2.701122
-0.6099553
-2.022196
0.902624
-4.340846
2.041123
3.440215
4.556479
6.621347
5.418612
2.068614
1.064167
0.4814676
1.318178
2.663573
2.261813
3.237887
2.623237
1.843181
3.353867
2.448306
2.308258
4.206691
-1.629501
4.174515
0.7809927
1.524527
-0.9526609
2.357407
-1.366406
0.5458845
0.808555
2.171789
-2.020882
-0.6611658
1.481508
-2.283197
-0.1895421
0.1514218
0.3745687
1.540065
-3.420472
-1.617398
1.241377
2.058631
0.5177721
5.583005
-0.3621529
-3.096682
5.267714
1.149671
0.9799105
-0.1125543
1.698215
-0.8256478
-1.084189
1.473439
-0.633243
0.7327822
3.338262
3.084055
1.043133
2.825572
0.8654281
1.059391
-2.967137
-0.1133183
-2.4876
1.605231
1.12064
1.944849
-2.976257
3.898716
2.060877
1.600525
1.104813
-3.893
2.283672
0.3482091
0.5245889
-0.007321878
4.818107
2.06215
0.05226617
-3.320433
-1.421955
4.346436
2.412521
1.960563
2.047026
2.354378
-0.07573968
3.554146
1.584621
1.880201
0.7549397
3.590257
-2.377834
2.538734
-0.9286664
2.025321
-4.862542
0.3220719
1.101338
1.0392
0.8093442
-2.449636
-2.198856
-0.007653961
-2.164303
4.863191
-3.728947
-1.893131
0.9245117
2.139845
0.375463
2.865808
2.154642
2.248531
2.447761
1.618974
-1.470752
2.061308
3.830738
2.552022
0.9887735
-0.4099103
2.777325
1.536788
-0.2809588
-2.323875
-3.06801
-4.67069
1.188599
-1.632129
-0.07432077
-2.415718
1.935332
0.710094
3.462407
6.362693
3.480787
3.239818
3.99059
1.069617
-1.480104
3.027087
-0.9192353
3.285567
2.965579
2.352379
-1.002742
-2.387257
1.918787
-3.312261
-1.08528
-1.536177
-1.337896
0.9019921
-1.354276
2.622966
-3.111617
-1.193158
-3.886062
0.1556318
-1.21487
2.94743
2.030451
-0.8948675
-0.3703406
0.005089722
2.583898
1.82313
5.892859
3.868484
-1.016465
-3.401896
0.3380762
2.25935
-3.227287
1.432616
5.613296
-4.319148
-3.173095
-3.333774
-1.799265
6.70433
-1.845609
0.8616471
0.215091
4.666568
-1.993095
3.446077
5.198297
2.21602
1.295771
-2.698878
-0.0240515
-0.8256904
-2.880469
1.633979
3.397564
-0.5863242
1.885165
3.68943
2.359525
0.5491204
0.8567024
-4.938879
-0.04907556
-1.917708
3.178718
0.5963592
2.613767
-4.217334
-4.408975
2.0739
4.781777
-0.8452759
-0.6465336
-1.259248
0.00135704
-0.8091968
-2.990691
0.5855776
2.624879
-4.130219
0.8617032
2.626138
2.14635
0.003819344
1.06246
-0.3108785
0.08941199
5.200883
4.151523
0.4656361
0.02681193
1.818264
1.705679
-1.691796
2.510094
5.912218
-1.760311
4.649273
0.7316114
2.275211
-0.5171675
1.741464
0.2331038
5.955013
-2.684605
0.9998676
0.2015742
-0.4439225
3.879709
2.461995
3.629385
2.384689
-3.9374
-0.6955828
2.693006
-0.712081
4.234698
0.5331566
-3.63073
-3.283262
-3.704641
-0.3840436
0.6335043
-1.005994
1.640857
1.330035
1.522866
-1.96592
-1.651077
3.49913
-1.91598
3.794969
-0.6056011
0.9197058
4.082319
3.022124
4.405584
3.80089
-2.564073
-0.5948228
1.051944
-1.28065
-0.075006
0.1010452
-2.91886
4.370015
-1.54531
1.071567
1.275765
1.197056
2.431243
-3.39199
2.45974
2.694011
-0.5882808
-0.802422
1.253258
5.074894
5.331484
1.465256
4.932171
2.508832
2.114172
1.648178
3.530242
1.890128
-1.556991
-2.750049
-0.4594232
-0.06769274
-1.192593
4.807849
-3.935961
1.718862
2.779249
-3.371851
1.93004
1.878828
1.913005
0.3076265
-7.010675
-1.783251
3.767341
-4.066183
-0.6743111
2.753837
1.624451
-1.426652
-0.4841137
1.780453
-2.45855
1.850407
3.029697
1.401865
-0.7207439
3.197833
1.38498
4.343341
-3.890656
0.629297
-1.041004
4.496562
-3.361491
1.085618
1.6337
5.45614
3.085434
-2.53123
2.510852
6.928771
0.4057717
6.037223
2.521667
1.679875
1.345463
1.56426
-2.828847
1.970728
-0.6859616
6.915716
-0.1609152
-0.9737131
0.5614758
1.942281
-0.3383399
-0.5371338
-1.636027
3.383424
-4.420158
-4.241156
4.425668
2.592756
3.418029
2.473229
1.251079
2.350878
0.5768593
-1.51555
1.275267
-1.119796
-0.7618695
-0.1571357
1.823558
4.594322
3.636299
-0.1976192
0.6572055
-4.02796
2.837315
1.450588
-3.63924
-2.396651
3.083199
2.197666
0.8546654
-1.417955
0.2035439
0.1372722
2.829053
6.497815
4.136378
4.347992
-1.479341
-0.01772891
-2.907426
0.6583618
3.572517
6.391622
1.787169
3.62681
-0.3361733
3.051969
-2.589416
0.6169494
3.654896
3.314722
1.653444
0.08638104
-1.724469
-1.85458
3.213875
1.967597
0.6214566
3.440068
0.8388757
-0.6813649
1.43412
0.996208
1.822474
-0.5771482
4.003601
-4.325121
2.723307
0.9530965
0.2962524
5.15033
-0.8636785
-1.275665
-0.3481436
0.5178561
0.3591958
-5.773264
-0.6730189
-2.537701
2.917237
5.965167
-4.57236
5.269573
2.546855
-2.994146
-0.1737412
0.6198027
1.567754
0.8681656
-0.4793672
2.195179
2.252294
0.1098705
-0.5619136
2.446917
0.9489879
-0.2176947
-0.02462724
-1.657411
-1.214099
0.3466138
4.149197
2.369102
0.8266681
1.933743
-1.854565
0.8279855
0.04557849
1.580932
0.5580465
2.552054
1.346299
3.195093
1.452355
-0.3954096
-1.143879
2.221114
-1.420102
0.801783
1.10018
0.2838934
1.434565
-6.337258
-0.8818275
0.8463968
1.435143
-1.482469
-4.999188
-6.126098
-0.5324281
5.37703
3.481696
5.102136
1.308936
2.84997
5.473823
-1.777087
1.564505
0.5422272
-1.745033
1.842321
0.9662696
1.046001
2.826178
2.056811
0.09624499
0.9656918
-0.9371281
3.038503
2.919872
3.046102
7.036343
2.698604
3.90862
0.8048873
-1.486569
0.6614865
4.754464
1.435414
1.637256
-0.8694191
2.171736
-0.1457741
0.3160325
2.981325
0.9974839
1.710757
2.667613
3.148866
1.619776
3.070985
-1.023174
2.927649
-1.010782
-0.6077753
0.6049156
1.978348
-4.160693
3.129566
0.02672377
-3.837381
2.351951
-2.135057
3.826301
-0.5301297
-3.607859
0.8044463
-0.3647846
-0.933762
2.836824
2.901481
0.2269728
0.3826597
1.950539
1.895939
-2.131239
2.888964
3.522473
1.866199
6.66156
6.24075
0.07547035
3.384757
2.128505
0.5089719
0.2965695
1.454921
-0.4726585
1.217311
-1.544567
-3.074798
0.2704909
-2.485546
-1.252747
-1.929495
-1.394962
0.3041454
-2.069569
3.074987
-1.974622
1.910839
0.6657696
1.417046
1.945986
-0.4601632
-1.470751
-2.352406
0.684758
-2.398859
-3.265662
-2.733964
2.447037
-4.26484
2.932267
1.197958
6.722409
-2.288742
1.168883
-1.540936
-1.543099
0.5959631
0.252275
0.9800418
-0.1769866
0.07892345
-0.6350306
-1.641145
0.367577
-0.3202066
3.925341
1.040084
-2.047568
-0.05102001
-1.324302
2.187321
1.711926
0.4618004
-0.6303457
-0.9920704
-0.9215711
-0.8341612
-1.055361
0.7543052
-1.206446
-1.580999
0.7216348
-2.157063
6.672166
5.392808
2.690064
0.9336221
3.647095
-0.370514
-1.129814
-1.455716
0.7015807
1.925029
4.000874
-1.362389
1.745562
-0.1237992
2.43729
0.9960056
-0.9761276
2.382435
1.494837
-1.505292
3.771533
1.115253
2.650427
-0.3938657
4.096172
-0.2221897
1.339523
3.856977
-0.5759428
1.923746
1.786982
-1.515709
4.486995
-0.3920815
0.25823
-1.312149
4.444244
1.494786
-0.3562639
3.847245
2.738299
2.211332
0.2580415
-1.436221
4.105001
1.741548
-3.621062
-2.319554
3.168905
2.311048
-3.261635
2.255241
5.254306
0.05879422
3.577078
-0.9402906
-0.1070247
0.6657244
0.880054
-4.194999
-3.819175
2.33782
-0.1676169
3.426995
4.486515
-1.848287
1.521498
-0.4261098
-1.516051
-1.74544
-4.919192
1.91963
-2.343673
-0.104546
3.742639
0.9593633
5.143516
3.222406
-1.906553
3.104937
0.2972107
3.764031
-0.29645
1.135358
3.3598
-2.536704
-1.362931
2.419411
3.241318
0.5090927
0.8166251
0.582719
1.243206
7.885238
0.9777055
2.781771
-0.01091161
3.405548
0.2781876
2.507017
-0.9631778
2.783933
-4.070896
4.156721
-0.5260647
0.019768
3.779189
-1.413271
-0.8547084
2.368581
-1.031877
1.428517
-1.671264
0.3890936
2.053349
-3.614597
-2.297568
-2.317248
2.333739
-0.3752092
-1.029421
2.849874
2.171893
1.822775
4.920369
-0.01735149
3.028335
2.242381
2.5652
1.068611
-4.215713
2.605712
-1.865205
-0.08024974
1.974755
0.5862474
3.050806
0.1339713
-1.501612
2.426323
0.07768407
1.143722
0.429271
2.406367
0.5242173
0.5264033
1.877343
1.935649
-0.9497406
-2.517229
2.24589
1.034989
-0.6267269
1.426488
5.241262
-3.879618
2.246964
0.001770324
2.621965
1.28112
-0.7761796
-0.3632405
-1.19798
-1.279767
3.912584
3.313906
-1.916512
1.099966
0.7389151
3.955733
4.07043
3.154136
-3.439467
-1.78876
1.713676
-1.879453
-0.558228
1.698175
-0.8888909
2.251557
2.345426
1.643275
-1.711596
-0.2299361
6.338823
6.026944
2.363664
4.161824
0.7946124
-3.32592
-0.3392084
1.322453
-1.03056
-5.680091
0.7852855
-0.4140785
-0.138908
5.070765
-1.148656
1.425486
-1.79544
6.595494
0.8625048
2.557512
3.406265
1.511889
-0.4721447
-4.954631
2.996715
0.879147
2.09253
0.03419942
-1.175137
-0.884963
0.8421042
2.663887
-0.8551688
0.4713419
-3.951233
-1.789616
-0.1526139
-3.286989
-2.221125
2.247312
1.538144
-0.1060147
3.773501
4.344296
3.407708
-1.799261
-4.811179
0.1575725
-3.844509
4.557732
2.636393
0.5011027
-0.4064642
4.041658
3.854467
-3.147746
3.859565
3.499998
3.727074
0.7213973
0.2372997
-1.359962
0.9769508
1.276047
-2.916282
3.581519
6.914915
1.490318
0.311798
-3.384352
1.902088
-0.625312
1.025515
2.783239
5.386688
-2.193064
-1.549071
-5.142067
-4.726398
3.556476
-2.129848
0.5469687
0.007595648
3.794014
1.185813
2.280528
-4.416761
1.061833
-1.076103
-1.741938
2.355204
-0.3645009
2.871474
1.874759
3.2269
-2.983551
-4.337252
1.838047
-1.11007
1.340406
-1.420142
0.08207997
1.178959
3.517842
-1.743826
-4.768078
1.223215
-0.2781034
1.899735
-1.187413
-0.2444934
3.021176
0.7294891
4.57991
-1.90955
1.333456
1.065279
-1.876471
-1.704377
-4.094148
1.588882
0.8389224
-0.07748867
3.020029
4.361179
-4.336299
3.943743
2.782278
-0.2468451
1.71115
-1.176779
-4.686388
0.5464631
0.2835364
-1.164362
4.735685
2.474317
0.1600607
-5.144782
-0.9234274
3.083022
-1.909864
1.225894
2.971426
1.60285
2.705239
0.5513105
-3.103093
1.252891
0.4782579
-1.080406
-3.044538
-0.562046
-1.438942
1.700282
-0.24861
-1.230815
2.463388
3.068414
-0.2277977
3.518862
2.978754
3.611049
4.317729
2.469895
-0.8731825
1.237135
-0.7145229
1.425684
4.080173
0.04910835
-0.2294543
-3.084277
2.1948
3.967695
-2.405639
-0.9094631
-0.388079
0.6599485
-0.1647025
-3.432886
-0.6285887
-0.007239049
3.724429
5.760084
3.169246
0.5684633
-3.921155
0.9878601
3.56237
1.213949
-0.9185922
-2.927533
2.196988
1.086123
3.198092
-3.258278
1.76901
0.6286816
3.627576
-2.731051
-3.118037
-1.339818
-1.424045
-0.3257808
-4.849992
0.3642923
4.238092
-3.512998
0.5718833
-1.548035
-2.333069
1.01421
2.45303
3.407049
-0.4991796
-0.5534315
0.6830632
-1.473172
-0.500263
-1.863724
6.324485
0.5205491
2.530415
-0.4892137
-0.2983741
-0.798426
0.9162861
2.263927
-2.004196
-2.767905
1.430808
4.193631
-1.273954
5.548163
-1.605115
2.91805
-0.01883426
2.592392
-2.432454
-4.304437
3.484285
-0.437386
-1.536182
3.022779
1.415453
2.552111
-0.6675909
1.737969
-0.920053
6.363568
-1.201566
-0.3834761
-2.568939
-2.77104
1.309278
-0.4925131
2.428081
-2.436071
-1.012698
2.223694
-0.1039595
3.32649
-1.808818
2.02225
-4.004192
2.706499
-4.839686
3.047687
-1.712965
3.53824
2.896612
2.365335
-5.275229
-0.1958635
1.28933
-3.547423
0.4354121
-0.5812853
-0.005505411
4.362152
-0.7239303
-1.09387
5.450345
-0.4898842
3.278322
0.1253768
1.732771
1.739662
-1.043204
0.9107273
-1.10677
-0.245679
-0.8557573
4.52329
-3.41905
1.612985
-1.463066
-1.024534
2.295765
1.710994
-0.08018278
-1.131912
1.515072
-3.259397
-0.5288662
2.582995
-2.491346
-0.6771975
0.870475
2.30165
-3.719983
-2.828748
1.815633
-0.0184525
-0.7577192
0.2659476
1.205175
-2.938646
4.289205
-0.05999835
3.444431
1.4948
-0.9117134
-2.068437
4.580775
-0.5884208
-2.162286
2.995048
1.898165
1.424376
1.922712
3.348441
-1.230952
0.6934248
-0.898223
-0.9775955
-0.3747258
-1.538403
-0.8897185
-2.169947
0.8417294
-0.8162979
2.564517
3.432524
2.813133
-2.940751
-0.4479543
3.072989
4.6986
2.337447
1.822194
3.385565
0.03650405
-2.163006
5.284566
-3.797835
3.75952
-1.261038
-3.926935
2.492677
-0.3333805
1.680483
-2.377454
2.184329
-1.250086
2.080925
1.997852
-0.2104438
2.757124
-1.454667
4.701761
4.770815
-0.5403184
2.94424
1.070234
-0.8556555
-3.87904
3.953403
-0.1075008
-1.321872
1.396638
1.106434
4.143254
-0.4863141
-0.4397807
-0.1097199
1.228236
-2.588902
-1.131104
-0.4949294
-0.4392582
0.730165
3.551055
0.1866883
1.40931
-1.439423
-1.601611
-3.737209
1.684125
-0.906705
-2.055572
0.01852573
2.708422
0.4584429
1.825103
0.6080271
-0.0313579
3.94946
-0.2262681
0.1198505
2.619466
1.129568
0.8058562
-4.81276
0.3686077
1.451533
3.926101
-1.684258
3.279803
-0.01790488
-0.7714236
-1.763028
-2.275653
-3.067532
3.189254
-0.09370901
1.49554
4.653154
1.641607
2.29214
-0.08258056
-1.143343
0.7665166
5.204607
-3.76865
4.062507
-0.6349593
2.028642
1.390167
2.330481
0.5873668
5.701382
2.048833
-1.74919
4.929081
-1.323803
-3.936639
0.486592
1.068883
3.559017
-1.090605
1.996714
-0.5655137
2.253028
-2.465098
-1.74993
2.618942
1.270697
1.874238
6.626468
0.9382204
1.375987
1.013022
-0.342582
1.14329
0.8564342
-4.481753
1.784648
0.5326426
-2.364721
3.167133
-0.8012131
0.1291168
-0.1299806
-1.222743
0.7283152
2.313104
3.165014
1.843768
1.630248
2.721317
3.030159
1.103258
3.363742
6.449166
0.2555376
3.535192
-2.074978
3.103137
-0.1438463
-1.939019
3.412561
1.480677
0.2465653
-2.497428
3.394083
-2.650655
-5.417579
5.030955
1.591885
-1.956596
4.8021
1.713819
2.768972
1.207384
-0.2587128
-2.242581
2.753863
-2.602991
0.07322931
-0.6948268
-1.660811
-0.3954321
-1.235796
2.201119
3.242767
2.921673
-2.844089
-0.2328457
3.501657
-1.114328
1.277145
1.535428
0.1044516
3.678656
1.404369
-0.7715484
1.802749
-0.895933
0.7944269
4.940564
-1.880559
2.547284
7.276707
-0.5257376
0.4841592
4.12189
0.6286993
0.002624105
4.608493
1.058463
0.4370634
